77764692
77792421
78142104
78210373
78240204
78311973
78379750
78438324
78458535
78466473
78523386
78639294
78670728
78691082
78786815
78800372
79008681
79091479
79167064
79181353
79201917
79304747
79453277
79502767
79626502
79783738
79827128
79841608
79970264
79980540
79994517
80047877
80169992
80244174
80257246
80262034
80311500
80341253
80372461
80437367
80459944
80504468
80545264
80546814
80607810
80724448
80733109
80791574
80797063
80962071
80962433
80978083
80998503
81030869
81089724
81094316
81217447
81295870
81323086
81384672
81394174
81400797
81449192
81520737
81585154
81585787
81660663
81711837
81722831
81723773
81791447
81793117
81803698
81809190
81853418
81883758
81933423
81934565
81937120
81967878
81988822
82081660
82102105
82171608
82229191
82236363
82242995
82258763
82332099
82361846
82365451
82374852
82396060
82412541
82418590
82439048
82606313
82630461
82734847
82819782
82851917
82893725
82925318
82943459
83191570
83235346
83240012
83269083
83275525
83312957
83332677
83377467
83474579
83503319
83548947
83596851
83617981
83678024
83709201
83725016
83735072
83761833
83795426
83863958
83878071
83895781
83906954
83916533
83937851
83968132
84277315
84373358
84375129
84419051
84465844
84529503
84531301
84576183
84666309
84684371
84707060
84708379
84777073
84789278
84811479
84830196
84855284
84857464
85018528
85097604
85109007
85133107
85279131
85313574
85327521
85341864
85416760
85449009
85451616
85484798
85497011
85499779
85504207
85508914
85510474
85510661
85525113
85533038
85573898
85734621
85741442
85743648
85870882
85890331
85906677
85948048
85997913
86009022
86167728
86227750
86263141
86276074
86290801
86387963
86399583
86409832
86431077
86453179
86493242
86538789
86587269
86644523
86648427
86650182
86665249
86706363
86731861
86770248
86793869
86917247
86957671
86962457
86962788
87006597
87061867
87099469
87117988
87140664
87142290
87227561
87288451
87386022
87493469
87499391
87501747
87587727
87662200
87685440
87717242
87727540
87742016
87747805
87773687
87776679
87838350
87963130
87993520
88043880
88107355
88111891
88138328
88143195
88170696
88222190
88231872
88266854
88279884
88303793
88304856
88306274
88390073
88390644
88445516
88448199
88466785
88574969
88646818
88688776
88707705
88806401
88814540
88817961
88843598
88878337
88886426
88893034
88914456
88918589
88982653
89010698
89012362
89017631
89056693
89119545
89180564
89277724
89284774
89292728
89301746
89310220
89311508
89364221
89409764
89458710
89504121
89534750
89649504
89667548
89752768
89765692
89789734
89815517
89840463
89841005
89892457
89916841
89941113
89952213
89998345
90045175
90093677
90094757
90167793
90258646
90277611
90304747
90321822
90372885
90398266
90414378
90429810
90507696
90533246
90712292
90771848
90811441
90893150
90972483
90983775
91006534
91023516
91097635
91267639
91270004
91299311
91340173
91366646
91369537
91382029
91471115
91498637
91514532
91517790
91528871
91542248
91627051
91744439
91751341
91752114
91862018
91903683
91914551
91954364
92007388
92085745
92150680
92156076
92189748
92241596
92255164
92303109
92326745
92344462
92366606
92530114
92596463
92622777
92724338
92751452
92761364
92771288
92776734
92797940
92837763
92902418
93001378
93021477
93023551
93069218
93224053
93322231
93408009
93490734
93569075
93570516
93626224
93629266
93644951
93660342
93782309
93815381
93857130
93868719
93877235
93880567
94023463
94032890
94113890
94123114
94146383
94352031
94384919
94457685
94548557
94550515
94588639
94638079
94643888
94703121
94739182
94803696
94867507
94881500
94886846
94945080
95079251
95123830
95149264
95236197
95270685
95299824
95416243
95497705
95600881
95623745
95710205
95736081
95753369
95772559
95774895
95792013
96027476
96131742
96272498
96352183
96389957
96431261
96477988
96512443
96532341
96532635
96599490
96659067
96659609
96664570
97076169
97081528
97104681
97108543
97172584
97281404
97298931
97316484
97328390
97358902
97431854
97455427
97473199
97473612
97485016
97525944
97538966
97601331
97653564
97664909
97666220
97717065
97721170
97729622
97740046
97788805
97801689
97889074
97997678
98024023
98046118
98064797
98142649
98249721
98263501
98393128
98413870
98438123
98462719
98544160
98557771
98598836
98599182
98642618
98695449
98726614
98770292
98790979
98850742
98871675
98936064
98973942
98980606
98986100
99097055
99172359
99196292
99206085
99235882
99251633
99289655
99317891
99333637
99358562
99461258
99468078
99470155
99485662
99527575
99539785
99646817
99715641
99732737
99740775
99827036
99848212
99863720
99885259
99920467
99966115
99981113
100021693
100023291
100121638
100148560
100151256
100387940
100400945
100442483
100465958
100492951
100529305
100533311
100538969
100576110
100646078
100650878
100707121
100749249
100750510
100753000
100769685
100892577
100954701
101006021
101068375
101087737
101113521
101145960
101231104
101249401
101326077
101470879
101531078
101539888
101586804
101606360
101607701
101607902
101694595
101697980
101725175
101810854
101840778
101894865
101903453
101913498
102067936
102082842
102160838
102165944
102227610
102284764
102403791
102413247
102450903
102470725
102616366
102664935
102783251
102793080
102822593
102838743
102907155
102914487
102924141
102963801
102976545
103007434
103023251
103035256
103041989
103060626
103094372
103112942
103160560
103192017
103228291
103251765
103261054
103270353
103291233
103304944
103323816
103333438
103346735
103403790
103405714
103423085
103430890
103452425
103530522
103564302
103577538
103628574
103658450
103695196
103709088
103733627
103757544
103763213
103767776
103771786
103783690
103856406
103866117
104067869
104105715
104105893
104138747
104152976
104176541
104196828
104197103
104215221
104288587
104304343
104320942
104470457
104606052
104719205
104820884
104908658
104945512
104969676
104990477
105050513
105111490
105130026
105179674
105195660
105222066
105276893
105299025
105355706
105405963
105432360
105461026
105464197
105556105
105578902
105612501
105654009
105754374
105786302
105831454
106035988
106043385
106136908
106148869
106163018
106299981
106301897
106344221
106349524
106364721
106368041
106376379
106403172
106568242
106603401
106641962
106644421
106670298
106671356
106681917
106909878
107049673
107125525
107159295
107197470
107208026
107233931
107296080
107417411
107455839
107490629
107520352
107566558
107592817
107625189
107788851
107819992
107828728
107837958
107844584
107860484
107912418
108021068
108058367
108188991
108205753
108378892
108389278
108438934
108452437
108535826
108604170
108612046
108619300
108650618
108696624
108696726
108704309
108704646
108727666
108759707
108823650
108861601
108878862
108916844
108922613
108940587
109049155
109080699
109108275
109155863
109220081
109232534
109255861
109316806
109375849
109440605
109441068
109541438
109555579
109572527
109584039
109629116
109637288
109642939
109754780
109824452
109837438
109964348
110060179
110166951
110180201
110190261
110210904
110228368
110273745
110276853
110348942
110404551
110407562
110514242
110610345
110648590
110693551
110695832
110710455
110782734
110810240
110859539
110892523
110896937
111054933
111057939
111095132
111109049
111124968
111161773
111164539
111213694
111216699
111217131
111225399
111261986
111310244
111346375
111357868
111372964
111592136
111639003
111677838
111765562
111853297
111866678
111887230
111966896
112010646
112011236
112047497
112147176
112159697
112192962
112345946
112379060
112490636
112538099
112566923
112569193
112585103
112610353
112706324
112740548
112789154
112796352
112819600
112853818
112856312
112876027
112900703
112905221
112968134
113011039
113012527
113074579
113154306
113286031
113334932
113358331
113364095
113410780
113414429
113472206
113475936
113485411
113539400
113552298
113559588
113566801
113570836
113602572
113691004
113732910
113739256
113806866
113834103
113838188
113878451
113916457
113927674
113929185
113941025
113964666
114117829
114144017
114171420
114201374
114203861
114252768
114290708
114305446
114335987
114500506
114537695
114562246
114591117
114609196
114668716
114708100
114726889
114732346
114738213
114756138
114792349
114816343
114863902
114883457
114893357
114910594
114911330
114963994
115072761
115096309
115170375
115184093
115230121
115233666
115277475
115299772
115306919
115490091
115491728
115493935
115517258
115547319
115563330
115690767
115826165
115833117
115863916
115982176
115986348
116012414
116018967
116186620
116192871
116203797
116220266
116300021
116321350
116325419
116351061
116358756
116369756
116420130
116437879
116510074
116520893
116529253
116533463
116549044
116559764
116601121
116650018
116719771
116744709
116807346
116828604
116938750
116953762
117106754
117185405
117239767
117285277
117313557
117338764
117408579
117426528
117431306
117461263
117602234
117612220
117645776
117660108
117775543
117776988
117781445
118082868
118107975
118144169
118163979
118180396
118183440
118232255
118249759
118285878
118317875
118341904
118361355
118390217
118397171
118399079
118482104
118486454
118552713
118556333
118585635
118590050
118733785
118783606
118785109
118836613
118847910
118854254
118868906
118891171
118893344
118941952
118992971
119064881
119151589
119152840
119167654
119193119
119223297
119312788
119334701
119346019
119354711
119418393
119446165
119502971
119598022
119776589
119778372
119800460
119800854
119829263
119832858
119835624
119887250
119888765
119905182
119986168
120073989
120080205
120121855
120146329
120160755
120165390
120245550
120248421
120259178
120289273
120299560
120322309
120428580
120509242
120571177
120766378
120796098
120866795
120899683
120902637
120948497
120985410
120992701
121004061
121006616
121129365
121147710
121151502
121183186
121198049
121240630
121293794
121331125
121372654
121374432
121423889
121427893
121436553
121447651
121509738
121558393
121691811
121820196
121890379
121892606
121895942
121903945
122032158
122041114
122050584
122097276
122161625
122239961
122539108
122553655
122577428
122647896
122711842
122800472
122878873
122889681
122916404
123075623
123148281
123152899
123229202
123231755
123257391
123290257
123397171
123427546
123435739
123495895
123506383
123552815
123559497
123599496
123609198
123628229
123653261
123653277
123653301
123722422
123759367
123770499
123780866
123839269
123856919
123867599
123941779
123960117
123979148
124046877
124137198
124142893
124221349
124242628
124272092
124276031
124281974
124296026
124363823
124370024
124414679
124440539
124462110
124479480
124526623
124564532
124617281
124655437
124672415
124718495
124762871
124865185
124888884
124944632
125028708
125059950
125114649
125271063
125301978
125329813
125385194
125413351
125436682
125445881
125463696
125475834
125566435
125571440
125595103
125660017
125662566
125687126
125694482
125699039
125703166
125834518
125898032
125926646
125929013
125947851
125987207
126170223
126222005
126250938
126340303
126399981
126404834
126439568
126443579
126461371
126463796
126516195
126550819
126577469
126602876
126660510
126672068
126716835
126733555
126822018
126838888
126937403
127046506
127061449
127076077
127079470
127083237
127086365
127116318
127135121
127197863
127202278
127432365
127471655
127506937
127615303
127630436
127642597
127650809
127672407
127791911
127797529
127803985
127818406
127834711
127849165
127859441
127942365
127955188
127959010
127981436
127993802
128069155
128116269
128219534
128250342
128261920
128383004
128505492
128508338
128534919
128556549
128652927
128744782
128772511
128789603
128857066
128938798
129058139
129213378
129218187
129296437
129311450
129360161
129411714
129482200
129533350
129645907
129648930
129686552
129756323
129794909
129804678
129839256
129873306
129987919
130007276
130065497
130148348
130167207
130260558
130290839
130311346
130393667
130405423
130417957
130433447
130511578
130525665
130551159
130555747
130564051
130586266
130615632
130655721
130749296
130778162
130782177
130783131
130809482
130830714
130851696
131056073
131061286
131118249
131143866
131161374
131186864
131314813
131367101
131442843
131602378
131685620
131688397
131688471
131764720
131787556
131831613
131849832
131849894
131855368
131857306
132042932
132145764
132158471
132178371
132326571
132378601
132400457
132551983
132558947
132580640
132611637
132614649
132624109
132681243
132750017
132771482
132775429
132813720
132926427
132937969
132996624
133019639
133051226
133073138
133150363
133204133
133206090
133378752
133400291
133420344
133444585
133905188
133915258
133954255
134015222
134037531
134290188
134356401
134415184
134499533
134548735
134582074
134592104
134629638
134662942
134675025
134716422
134805262
134829211
134869944
134879883
134902753
135068183
135249469
135298059
135340421
135381781
135445295
135482389
135487469
135642804
135658102
135662917
135769326
135831980
135894825
135962566
135966303
135993007
136021584
136163891
136175052
136294048
136487497
136570356
136669291
136691051
136875423
136892781
136913738
136927483
136964067
137037195
137061185
137153430
137155408
137170891
137258058
137333790
137366650
137379139
137406549
137408307
137434352
137527035
137548743
137594524
137720404
137778089
137792135
137841633
137937965
137954079
137989964
137997237
138010728
138044890
138100483
138208166
138240962
138524735
138542125
138610823
138686533
138751310
138837474
138845578
138887824
138889593
139073684
139082587
139084420
139143873
139173413
139189255
139229775
139245777
139391461
139391484
139391502
139391646
139450953
139577873
139585111
139629085
139638796
139650573
139795246
139841039
139880424
139920536
140024455
140025058
140087268
140101579
140157637
140210239
140211344
140227385
140237623
140238521
140259628
140260594
140287364
140481251
140515088
140522128
140600933
140692392
140701035
140704672
140811971
140815459
140861328
140894612
141004083
141005902
141067609
141141606
141207257
141219024
141220414
141238467
141251431
141340722
141382248
141448353
141464196
141465085
141529097
141544055
141577960
141581698
141647323
141819510
141835467
141874179
141890330
141930926
141973936
141981540
142063952
142151256
142154521
142219615
142264081
142276774
142297769
142321554
142463407
142560316
142612330
142621803
142649837
142714845
142740977
142749348
142830754
143012317
143100952
143125577
143149362
143221670
143249816
143288755
143328208
143350153
143425742
143521222
143523089
143580125
143598414
143689977
143820090
143882078
143990118
144007287
144049395
144223376
144426124
144515030
144539956
144592962
144678878
144701437
144762026
144782044
144831196
144868282
144871925
144872886
144992809
145061528
145061786
145065300
145068241
145270028
145282628
145303106
145351608
145363674
145366244
145389812
145424700
145441195
145505248
145568510
145582381
145652886
145711223
145904629
145922445
145933499
145954618
145959905
146026845
146145826
146173793
146417519
146477072
146486507
146497641
146562665
146630869
146646346
146717113
146842732
146868514
146908063
146944050
146959517
146970926
147033303
147156880
147231580
147311113
147356981
147362102
147430598
147445991
147572707
147632891
147709096
147841723
147980615
148159959
148160039
148163152
148247262
148311751
148355837
148356259
148419119
148594136
148638830
148684550
148780149
148780606
148797942
149048494
149173642
149237157
149483307
149501989
149511367
149540618
149546470
149639960
149643496
149661256
149678505
149803141
149810024
149839648
149852221
149867117
149951829
150063801
150103484
150141635
150145502
150174497
150192807
150275802
150346907
150352452
150398642
150415043
150421386
150449550
150470890
150680743
150792671
150796623
150834182
150931873
150951207
151016590
151046554
151206224
151430316
151490106
151565330
151674662
151765950
151813605
151852569
151907764
151941347
151986153
152140381
152169969
152247258
152369636
152401901
152440429
152484294
152577737
152751917
152776077
152926097
152930514
152931403
152934130
152949186
152960932
153177225
153271501
153416413
153459506
153701442
153774016
153788143
153868697
153985341
153993155
154043492
154044717
154141900
154293488
154306712
154361441
154416084
154433186
154478961
154513901
154558138
154572870
154593733
154638793
154726424
154791276
154834315
154918068
154923689
154926391
154929494
154975160
154994019
155029956
155193505
155286702
155382938
155417759
155431597
155563306
155628116
155629392
155650951
155659548
155708184
155930431
155933588
155944524
155951637
155954364
155994397
156102095
156132656
156157910
156325124
156369228
156399345
156463228
156482125
156497766
156503444
156505174
156516517
156602369
156609015
156730173
156847937
156939365
157006362
157020250
157058490
157178182
157193186
157278381
157290283
157296326
157307582
157326460
157329612
157360319
157370563
157391688
157418385
157440151
157482882
157550590
157609002
157655221
157669247
157731723
157826265
157834344
157844303
157982585
158054125
158136183
158147167
158157088
158168845
158234755
158323226
158343498
158731399
158753956
158878337
158879703
158889762
158931137
158941226
158952747
158973173
158977130
159007334
159185800
159200119
159254478
159268145
159320459
159336033
159390467
159459561
159469308
159474140
159603246
159619812
159626629
159755217
159755285
159775208
159808220
159810985
159920596
159941437
159995467
160031238
160090651
160105172
160107390
160109738
160124067
160135404
160189453
160191808
160260815
160362594
160446742
160456063
160478785
160520226
160622561
160638577
160656700
160752370
160762191
160780410
160938878
160965629
161009814
161020710
161051174
161143177
161168559
161183245
161245637
161282115
161296439
161304227
161332305
161377870
161436009
161453938
161478714
161759201
161786397
161862859
161898477
161913159
162108205
162164529
162182870
162291449
162365050
162502335
162544420
162676749
162726099
162770838
162856883
162893922
162935604
162966008
163004645
163100923
163157129
163235189
163254613
163284453
163326041
163348216
163358748
163373029
163406270
163440004
163441709
163538431
163542577
163571996
163574100
163612423
163617046
163641083
163758564
163843382
163878100
163911045
163915054
164029647
164078459
164197035
164237383
164238630
164259061
164371152
164374801
164380870
164441115
164951385
165006714
165016038
165120807
165186610
165222057
165320779
165373176
165494957
165541680
165585106
165603634
165673179
165772032
165808432
165965133
166100833
166118792
166177008
166181525
166442094
166446970
166490586
166542918
166622408
166697483
166739122
166742806
166763543
166771453
166898501
166914557
167010295
167123042
167245719
167264802
167279881
167355603
167417130
167659809
167694194
167820265
167913249
168015297
168064817
168651757
168699704
168708153
168733703
168757132
168868400
168884313
168988271
169113606
169130026
169182652
169316523
169487488
169541908
169613315
169682594
169812448
169820582
169829723
169915095
169923624
169933716
169952403
169991845
170155498
170242785
170403022
170517747
170581406
170703257
170804398
170910867
171043959
171047934
171049105
171053694
171057324
171235501
171305027
171403090
171440202
171508376
171533793
171561804
171563572
171564291
171568185
171589446
171657712
171679268
171679858
171768165
171795571
171868025
171973052
171998586
172209139
172561068
172663228
172799772
172840210
172898144
172937824
173004772
173010980
173102223
173236386
173272681
173331360
173452979
173566541
173667631
173759577
173960413
174067794
174094983
174241814
174267399
174300636
174401716
174407188
174473942
174693772
174752018
174816538
174985060
174995387
175134398
175297926
175333038
175357218
175430769
175466378
175481566
175520175
175608059
175648630
175690975
176129015
176168947
176190344
176206728
176356548
176408195
176414488
176624136
176688526
176793541
176897877
176897884
176900012
176966689
176996181
177148468
177165323
177254527
177313408
177325593
177333659
177342333
177352206
177373433
177387306
177501488
177666953
177705605
177713322
177861464
177886885
177941871
178149067
178204188
178218545
178242562
178280243
178300365
178349760
178356379
178467798
178493499
178514388
178631174
178653209
178808202
178877929
178954195
178964206
178965036
178968704
178992282
179057053
179135025
179150014
179165421
179201893
179214745
179239898
179318176
179328043
179330475
179342663
179406892
179419246
179425283
179506717
179547016
179556854
179632942
179666397
179693314
179753075
179774047
179793442
179805198
179810641
179838050
179890058
179898819
179899419
179931170
179968980
179983520
179987076
180073047
180151887
180172807
180272344
180316523
180404794
180424303
180471822
180540517
180720876
180780215
180807483
180808248
180830729
181152525
181216515
181222855
181227711
181376813
181494047
181548258
181565570
181716606
181731380
181745872
181762539
181768668
181803692
181810129
181997302
182068914
182174620
182175472
182210458
182309176
182355707
182418365
182616026
182851647
182856581
182883179
182902900
183107600
183319906
183320946
183380368
183426902
183488372
183507217
183658524
183796441
183891350
183933425
183946691
183996584
184106348
184141845
184143914
184157529
184174408
184182981
184198184
184428551
184437840
184470169
184585740
184615179
184635062
184710317
184752505
184803704
184832591
184860164
184878915
184909660
184919772
184939842
184954031
184965842
185099182
185161620
185252220
185296923
185300497
185331149
185387999
185657873
185687189
185783336
185912761
186082734
186105547
186139118
186150409
186207254
186358163
186399380
186457083
186498525
186532287
186564506
186564521
186572389
186615840
186623270
186765476
186831056
186884463
186884699
186893807
186911870
186936750
187133156
187203249
187217085
187315602
187323204
187355267
187381169
187396153
187426024
187447152
187575663
187774337
187825639
187847247
188024780
188065946
188100036
188151814
188178598
188227816
188243659
188541372
188600196
188605149
188703514
188705941
188754451
188827569
188912217
188918921
188940574
189050756
189070727
189129684
189133291
189144783
189210149
189222267
189350661
189356053
189451148
189583458
189684943
189796050
189802296
189845307
189914820
189981166
190077023
190144092
190158490
190245366
190268539
190333268
190349058
190608056
190639566
190764372
190855854
190982645
191071266
191101393
191195356
191211300
191253727
191253870
191255574
191278594
191504854
191519369
191570760
191671736
191684318
191732289
191784463
191797052
192031791
192099407
192181598
192245932
192248904
192261857
192309035
192360395
192445966
192733253
192814419
192877071
193097051
193130350
193156322
193210868
193428011
193447503
193586817
193848853
193864569
194000996
194024170
194109931
194110230
194180768
194291156
194304407
194338012
194355013
194420431
194560079
194629426
194707634
194745223
194784753
194854936
194857664
194911023
194933354
195043303
195177455
195280016
195324208
195343578
195602173
195722331
195726628
195732394
195769591
195769741
195779932
195866530
195923513
195998148
196088622
196104154
196111994
196232958
196340907
196403530
196415315
196445450
196488043
196654363
196728995
196790979
196833424
196878111
197035877
197062754
197369600
197571783
197583411
197865066
198025305
198182249
198370827
198427633
198967064
199034801
199246356
199404030
199556712
199771573
199801769
199912709
200030351
200106274
200159317
200197825
200249143
200446375
200448911
200480816
200703007
200759999
200859010
200896019
201010051
201135429
201177936
201281780
201314260
201314421
201486114
201530965
201742627
201761561
201765888
201848023
201937401
201976331
202006332
202104357
202152455
202226283
202229053
202278112
202323941
202545885
202664185
202808597
202839679
202933011
202949780
202990259
202993277
203105878
203139806
203251010
203290192
203304658
203308918
203384059
203462155
203551134
203775140
204037017
204073770
204232140
204293800
204304907
204388414
204438911
204923250
205108817
205182295
205270193
205327929
205478599
205495242
205782503
206204390
206275296
206410349
206429675
206561464
207425886
207425945
207699383
207753171
207937985
207955569
207959371
208299053
208331453
208373811
208885314
208906363
208997510
209171289
209298525
209466478
209871813
210062852
210134997
210301587
210540455
210543958
210577703
210668477
210726474
210738895
211078415
211103666
211424825
211495761
211733367
211735407
212273364
212948110
213127596
213240778
213285753
213454436
213512426
213733841
214009080
214079308
214118927
214567342
214714512
214991093
215076272
215163955
215369064
215426165
215876996
215918738
216051744
216085404
216162336
216211059
216395462
216422930
216665896
216726761
216806998
216857725
216906333
216936800
217073274
217098891
217137279
217574851
217652530
217828353
217893424
218178051
218415964
218421858
218465358
218803018
219018000
219214917
219320635
219809425
219843695
219851856
219900768
219986544
220201579
220381501
220524668
220578572
220602124
220706589
221533627
221560125
221622553
221648888
221818672
222170633
222305444
222369690
222578525
222708617
222805202
222945463
223016633
223097975
223622050
223793836
223843938
223992700
224248405
224355898
224433601
224898622
224905708
224920028
225086872
225478497
225557394
225904037
226493556
226501260
226742268
226831671
226997592
227214812
227620826
227781462
227953074
228125642
228584020
229594293
229844750
230199444
