1.0
1.0
1.0
16.0
3.0
20.0
1.0
1.0
6.0
5.0
1.0
1.0
1.0
6.0
2.0
1.0
2.0
1.0
11.0
2.0
1.0
1.0
2.0
1.0
1.0
1.0
1.0
1.0
16.0
3.0
1.0
1.0
1.0
4.0
1.0
1.0
1.0
1.0
1.0
1.0
1.0
1.0
0.0
1.0
1.0
20.0
2.0
3.0
1.0
1.0
2.0
1.0
1.0
1.0
2.0
1.0
1.0
1.0
0.0
10.0
2.0
2.0
0.0
1.0
1.0
1.0
1.0
1.0
1.0
0.0
1.0
1.0
8.0
2.0
2.0
1.0
1.0
1.0
1.0
1.0
1.0
1.0
6.0
2.0
1.0
2.0
1.0
1.0
3.0
1.0
1.0
1.0
1.0
1.0
1.0
1.0
5.0
1.0
1.0
2.0
4.0
1.0
1.0
1.0
1.0
0.0
2.0
1.0
15.0
1.0
2.0
2.0
3.0
6.0
1.0
1.0
2.0
2.0
1.0
1.0
1.0
2.0
1.0
1.0
1.0
2.0
1.0
1.0
1.0
1.0
1.0
1.0
2.0
1.0
1.0
1.0
1.0
1.0
3.0
1.0
2.0
1.0
1.0
1.0
1.0
1.0
1.0
1.0
1.0
2.0
3.0
1.0
2.0
1.0
1.0
1.0
1.0
1.0
1.0
1.0
1.0
1.0
1.0
1.0
1.0
1.0
1.0
1.0
1.0
2.0
1.0
1.0
1.0
2.0
6.0
1.0
1.0
1.0
1.0
2.0
1.0
4.0
1.0
2.0
1.0
3.0
1.0
1.0
1.0
1.0
1.0
1.0
1.0
2.0
1.0
5.0
1.0
1.0
1.0
2.0
1.0
1.0
7.0
1.0
2.0
1.0
1.0
1.0
1.0
1.0
1.0
1.0
5.0
2.0
24.0
2.0
1.0
1.0
1.0
1.0
1.0
1.0
3.0
1.0
2.0
1.0
2.0
1.0
1.0
1.0
3.0
1.0
1.0
1.0
1.0
1.0
1.0
1.0
1.0
1.0
1.0
2.0
18.0
1.0
1.0
2.0
1.0
1.0
1.0
1.0
1.0
2.0
1.0
1.0
1.0
2.0
1.0
1.0
1.0
3.0
1.0
1.0
1.0
1.0
1.0
1.0
1.0
1.0
1.0
1.0
1.0
1.0
1.0
2.0
2.0
4.0
2.0
2.0
1.0
2.0
1.0
2.0
2.0
1.0
1.0
1.0
1.0
1.0
1.0
1.0
1.0
2.0
2.0
1.0
1.0
1.0
2.0
1.0
1.0
1.0
3.0
1.0
1.0
1.0
1.0
2.0
2.0
1.0
1.0
1.0
2.0
3.0
1.0
1.0
1.0
1.0
1.0
1.0
1.0
2.0
1.0
1.0
1.0
1.0
2.0
3.0
4.0
1.0
1.0
128.0
1.0
1.0
1.0
1.0
1.0
3.0
1.0
1.0
1.0
1.0
1.0
1.0
2.0
1.0
3.0
1.0
1.0
1.0
1.0
1.0
1.0
1.0
1.0
1.0
1.0
1.0
1.0
1.0
1.0
1.0
1.0
2.0
1.0
1.0
2.0
1.0
1.0
1.0
1.0
1.0
1.0
1.0
3.0
1.0
1.0
3.0
1.0
2.0
1.0
2.0
1.0
1.0
2.0
1.0
1.0
1.0
2.0
1.0
2.0
1.0
1.0
3.0
1.0
1.0
3.0
4.0
1.0
1.0
6.0
2.0
1.0
2.0
2.0
1.0
5.0
1.0
1.0
1.0
28.0
1.0
1.0
4.0
1.0
1.0
1.0
1.0
1.0
1.0
1.0
1.0
1.0
1.0
4.0
2.0
2.0
1.0
3.0
1.0
1.0
1.0
1.0
1.0
1.0
1.0
2.0
1.0
0.0
1.0
1.0
1.0
5.0
1.0
1.0
1.0
1.0
1.0
1.0
1.0
1.0
2.0
1.0
1.0
1.0
3.0
1.0
2.0
1.0
1.0
1.0
1.0
1.0
1.0
1.0
1.0
2.0
2.0
1.0
2.0
1.0
1.0
1.0
2.0
1.0
1.0
2.0
1.0
1.0
1.0
2.0
1.0
1.0
1.0
1.0
1.0
1.0
1.0
1.0
1.0
1.0
1.0
1.0
1.0
5.0
1.0
1.0
1.0
1.0
1.0
1.0
1.0
1.0
2.0
1.0
2.0
1.0
1.0
1.0
1.0
1.0
1.0
1.0
2.0
1.0
1.0
1.0
1.0
1.0
2.0
1.0
1.0
2.0
3.0
1.0
1.0
1.0
1.0
1.0
1.0
2.0
1.0
1.0
1.0
0.0
1.0
1.0
2.0
1.0
2.0
1.0
2.0
1.0
1.0
3.0
2.0
2.0
2.0
1.0
1.0
1.0
1.0
1.0
1.0
1.0
1.0
1.0
1.0
2.0
1.0
1.0
1.0
1.0
1.0
1.0
1.0
1.0
1.0
2.0
1.0
1.0
3.0
1.0
1.0
3.0
1.0
1.0
5.0
1.0
1.0
2.0
2.0
1.0
1.0
1.0
2.0
1.0
1.0
2.0
1.0
1.0
0.0
1.0
4.0
1.0
1.0
1.0
2.0
1.0
2.0
2.0
1.0
1.0
1.0
1.0
1.0
1.0
1.0
1.0
1.0
1.0
1.0
1.0
2.0
1.0
3.0
1.0
1.0
1.0
1.0
1.0
1.0
3.0
1.0
1.0
1.0
1.0
2.0
1.0
1.0
1.0
1.0
1.0
1.0
3.0
2.0
1.0
2.0
1.0
3.0
2.0
1.0
2.0
2.0
1.0
1.0
1.0
1.0
1.0
1.0
1.0
1.0
1.0
2.0
2.0
1.0
1.0
5.0
1.0
1.0
1.0
1.0
3.0
1.0
11.0
1.0
1.0
1.0
3.0
1.0
1.0
2.0
1.0
1.0
1.0
1.0
1.0
1.0
1.0
1.0
1.0
1.0
1.0
1.0
1.0
9.0
11.0
1.0
2.0
1.0
1.0
1.0
1.0
1.0
1.0
1.0
1.0
1.0
1.0
1.0
1.0
1.0
1.0
1.0
1.0
1.0
2.0
1.0
1.0
1.0
1.0
1.0
7.0
1.0
9.0
2.0
11.0
1.0
5.0
2.0
1.0
3.0
1.0
1.0
5.0
1.0
1.0
1.0
4.0
1.0
1.0
1.0
1.0
1.0
4.0
2.0
3.0
1.0
1.0
1.0
1.0
1.0
2.0
1.0
1.0
1.0
1.0
1.0
1.0
1.0
1.0
1.0
1.0
1.0
1.0
28.0
1.0
1.0
1.0
1.0
1.0
1.0
1.0
1.0
1.0
2.0
1.0
1.0
4.0
1.0
1.0
1.0
1.0
1.0
1.0
1.0
1.0
0.0
1.0
2.0
1.0
1.0
1.0
1.0
2.0
1.0
1.0
7.0
1.0
46.0
1.0
3.0
2.0
1.0
1.0
1.0
4.0
1.0
0.0
1.0
1.0
1.0
1.0
1.0
1.0
2.0
2.0
10.0
1.0
1.0
4.0
1.0
1.0
1.0
2.0
2.0
1.0
1.0
3.0
1.0
1.0
1.0
1.0
2.0
2.0
1.0
1.0
1.0
1.0
2.0
1.0
1.0
1.0
1.0
1.0
1.0
1.0
1.0
4.0
1.0
1.0
1.0
1.0
1.0
2.0
2.0
1.0
1.0
1.0
1.0
19.0
2.0
1.0
1.0
2.0
1.0
2.0
3.0
1.0
3.0
1.0
1.0
1.0
2.0
1.0
1.0
1.0
44.0
2.0
1.0
1.0
1.0
1.0
1.0
1.0
1.0
1.0
1.0
1.0
1.0
1.0
1.0
2.0
1.0
1.0
1.0
1.0
1.0
2.0
1.0
1.0
2.0
1.0
1.0
1.0
1.0
1.0
1.0
1.0
1.0
1.0
1.0
1.0
1.0
3.0
1.0
1.0
2.0
1.0
2.0
1.0
1.0
1.0
1.0
1.0
5.0
2.0
2.0
1.0
3.0
1.0
1.0
3.0
1.0
1.0
2.0
2.0
1.0
2.0
2.0
4.0
2.0
1.0
1.0
1.0
1.0
1.0
1.0
1.0
1.0
1.0
2.0
2.0
1.0
1.0
3.0
2.0
1.0
1.0
1.0
3.0
1.0
1.0
2.0
2.0
1.0
2.0
1.0
1.0
1.0
3.0
4.0
1.0
1.0
1.0
1.0
1.0
3.0
1.0
1.0
2.0
1.0
3.0
1.0
1.0
1.0
23.0
1.0
1.0
1.0
1.0
1.0
1.0
1.0
1.0
1.0
2.0
2.0
1.0
1.0
1.0
1.0
1.0
1.0
5.0
1.0
1.0
1.0
2.0
1.0
2.0
14.0
1.0
1.0
1.0
1.0
10.0
1.0
2.0
1.0
1.0
1.0
1.0
1.0
1.0
1.0
1.0
2.0
1.0
1.0
1.0
1.0
1.0
2.0
1.0
1.0
1.0
1.0
2.0
1.0
1.0
1.0
1.0
1.0
1.0
1.0
2.0
1.0
1.0
1.0
2.0
2.0
2.0
1.0
1.0
2.0
3.0
1.0
1.0
1.0
1.0
2.0
1.0
1.0
2.0
1.0
1.0
1.0
1.0
2.0
1.0
2.0
1.0
1.0
1.0
3.0
2.0
1.0
1.0
1.0
1.0
1.0
1.0
1.0
8.0
1.0
2.0
5.0
1.0
1.0
3.0
1.0
0.0
1.0
1.0
1.0
1.0
1.0
1.0
1.0
2.0
1.0
1.0
17.0
1.0
4.0
1.0
6.0
2.0
2.0
1.0
1.0
1.0
1.0
11.0
1.0
1.0
2.0
1.0
1.0
1.0
1.0
1.0
1.0
1.0
3.0
1.0
1.0
1.0
1.0
2.0
1.0
1.0
2.0
5.0
8.0
1.0
