0.4
0.5797101449275363
0.9350649350649352
1.2408906882591093
0.5726872246696035
1.0296225513616817
0.6043956043956044
1.5151515151515151
0.7969275084013443
0.9357997823721437
0.6666666666666666
0.29411764705882354
0.4918032786885246
0.847457627118644
1.25
0.8823529411764707
0.9027777777777778
0.09345794392523364
0.8081791626095424
0.8394160583941606
5.0
0.20833333333333331
0.794701986754967
0.0
0.6862745098039216
0.7017543859649122
0.0
0.0
1.054945054945055
1.6
0.4
2.0
1.1764705882352942
1.0144927536231885
3.333333333333333
0.4878048780487805
0.7317073170731707
0.380952380952381
0.44117647058823534
1.1111111111111112
0.7843137254901961
5.0
0.4081632653061224
1.3559322033898304
0.29411764705882354
0.9226190476190477
1.262135922330097
0.9328968903436989
0.0
0.0
0.5555555555555556
0.958904109589041
0.5970149253731343
0.6037735849056604
0.0
0.8411214953271028
0.0
0.8247422680412371
0.8791208791208792
0.893970893970894
0.8461538461538463
0.7272727272727273
0.4
1.2658227848101267
0.7692307692307693
0.5952380952380952
0.7142857142857142
0.7504078303425775
0.6542056074766355
0.7142857142857142
3.333333333333333
0.7272727272727273
1.4814814814814814
0.19230769230769232
1.1864406779661016
0.7954545454545454
0.6349206349206349
2.0
0.8108108108108109
0.8333333333333333
1.6666666666666665
1.9298245614035086
0.7638402242466713
0.6060606060606061
0.3125
1.6666666666666665
0.0
0.837696335078534
0.8108108108108109
0.7317073170731707
0.8074534161490683
0.8264462809917356
0.7692307692307693
0.7692307692307693
0.888888888888889
0.5263157894736842
1.06430155210643
0.0
1.0
0.9090909090909092
0.9993425378040763
0.8333333333333333
1.3636363636363635
0.7567567567567568
0.5
0.5687203791469194
0.8391608391608392
0.6666666666666666
1.343042071197411
0.7575757575757576
1.25
1.1764705882352942
0.6947368421052631
3.75
0.8333333333333333
1.3333333333333333
0.576923076923077
0.6910569105691057
0.7818930041152263
2.2222222222222223
1.2
0.9134615384615384
0.22222222222222224
0.8843537414965986
1.038961038961039
0.0
1.6666666666666665
0.578512396694215
0.4819277108433735
0.8333333333333333
1.4285714285714284
1.9444444444444444
1.6417910447761195
0.9433962264150944
0.8333333333333333
0.8333333333333333
0.8759124087591241
2.5
1.0336048879837068
0.2857142857142857
0.0
1.6666666666666665
0.7260726072607261
0.0
0.5555555555555556
5.0
1.2962962962962963
0.5555555555555556
2.5
0.44358727097396333
0.8300395256916997
0.576923076923077
0.7692307692307693
0.9722222222222222
0.851063829787234
0.8379888268156424
0.8108108108108109
0.5063291139240507
1.8518518518518516
0.7936507936507936
0.4201680672268908
0.6451612903225806
10.0
0.9302325581395349
0.0
0.7168458781362007
0.589622641509434
0.5128205128205128
0.36585365853658536
0.44750430292598964
0.7894736842105263
3.333333333333333
0.3278688524590164
0.19230769230769232
0.7622950819672131
0.7843137254901961
1.1764705882352942
0.3448275862068966
0.5714285714285714
0.625
0.6588579795021963
0.9592034968431278
0.7936507936507936
0.5934343434343434
1.25
1.0412573673870336
0.6428571428571428
0.0
1.6216216216216217
0.6097560975609756
0.0
0.8196721311475409
0.7407407407407407
1.1764705882352942
0.21739130434782608
0.7088331515812432
1.8518518518518516
2.5
0.5555555555555556
0.6832298136645963
0.8438818565400843
0.7142857142857142
1.836734693877551
0.0
0.851063829787234
0.6862745098039216
0.9411764705882353
0.3278688524590164
2.5
0.3508771929824561
0.0
0.9090909090909092
0.864516129032258
0.753968253968254
1.3888888888888888
1.4814814814814814
0.7142857142857142
2.5
0.38461538461538464
0.5333333333333333
0.8695652173913043
1.0810810810810811
0.0
0.7407407407407407
5.0
2.0
2.5
5.0
0.5660377358490566
1.1864406779661016
1.019283746556474
1.8181818181818183
1.0810810810810811
0.837696335078534
1.6666666666666665
0.8450704225352113
0.5882352941176471
0.0
1.1111111111111112
0.3389830508474576
0.6910569105691057
1.2048192771084336
0.827932260087811
0.4580152671755725
1.3157894736842104
3.0
1.0526315789473684
1.25
1.6666666666666665
2.6666666666666665
0.6451612903225806
0.0
0.5263157894736842
0.0
1.2186379928315412
0.9772617319787131
0.0
0.0
0.5882352941176471
1.195079086115993
0.7692307692307693
1.0344827586206897
0.5982905982905983
0.9090909090909092
0.6818181818181818
0.5660377358490566
2.0
0.9333333333333333
0.0
0.5714285714285714
10.0
2.6470588235294117
0.9523809523809523
1.1949685534591195
1.4285714285714284
0.9218436873747494
0.5278592375366569
1.3636363636363635
0.75
0.8333333333333333
0.0
2.2222222222222223
0.8
0.5128205128205128
0.0
1.4035087719298245
10.0
0.46875
0.5797101449275363
0.0
1.6666666666666665
1.0666666666666667
0.9090909090909092
0.8163265306122448
1.0738255033557047
0.9433962264150944
0.9090909090909092
0.44999999999999996
0.8823529411764707
0.8333333333333333
1.0423452768729642
0.5102040816326531
0.9032258064516129
1.2962962962962963
1.2698412698412698
0.9444444444444444
0.7927927927927927
1.1940298507462686
1.4285714285714284
0.0
1.5151515151515151
0.626118067978533
1.875
1.1111111111111112
2.0
0.7017543859649122
0.586552217453505
0.8064516129032258
0.49107142857142855
1.7391304347826086
1.1111111111111112
0.6097560975609756
0.3333333333333333
3.333333333333333
0.6122448979591837
1.1111111111111112
1.2169312169312168
0.0
0.7874015748031495
0.8842389470131623
1.1111111111111112
1.1666666666666667
0.9433962264150944
0.6382978723404255
0.2127659574468085
0.8378378378378379
0.9090909090909092
1.0204081632653061
0.5
0.38461538461538464
0.5982905982905983
0.0
0.8
0.0
0.975609756097561
0.0
0.0
0.859106529209622
0.0
0.3333333333333333
0.0
0.46511627906976744
0.5555555555555556
1.0526315789473684
1.1436950146627565
0.9915611814345991
0.9671532846715329
0.576923076923077
0.4
0.7111111111111111
0.5555555555555556
0.8247422680412371
0.3333333333333333
0.9836065573770492
0.6666666666666666
0.4301075268817205
0.6
1.0606060606060606
0.3125
0.9183673469387755
0.5608974358974359
1.125
3.333333333333333
0.7818930041152263
0.821917808219178
0.9090909090909092
0.0
2.3255813953488373
0.6930693069306931
0.730593607305936
0.6818181818181818
2.8571428571428568
0.6578947368421052
0.8928571428571429
0.9090909090909092
0.25316455696202533
1.1811023622047243
2.5
1.1111111111111112
0.3225806451612903
1.5289256198347108
0.8943089430894309
0.4545454545454546
1.5789473684210527
0.8847184986595175
0.8932461873638344
0.5917159763313609
0.25
5.0
0.7692307692307693
2.8571428571428568
0.5263157894736842
3.076923076923077
0.4285714285714286
3.125
3.333333333333333
0.6
0.6349206349206349
0.49358819259617714
0.25
1.9117647058823528
0.0
1.1111111111111112
0.7792207792207793
2.8125
0.0
0.8196721311475409
2.5
5.0
0.5405405405405406
0.7936507936507936
0.5714285714285714
1.404513304142809
0.6666666666666666
0.7412060301507538
0.576923076923077
1.1594202898550725
2.0833333333333335
1.1764705882352942
0.7692307692307693
0.0
0.6666666666666666
0.24390243902439024
1.2345679012345678
0.7547169811320754
0.7317073170731707
1.267605633802817
0.9734513274336283
0.30927835051546393
0.4477611940298507
0.7181136120042872
0.547945205479452
1.276595744680851
0.6382978723404255
0.8391608391608392
0.14285714285714285
0.6976744186046512
0.6808510638297872
0.3225806451612903
0.5333333333333333
0.9183673469387755
0.6837606837606838
0.3773584905660377
0.0
0.0
0.8064516129032258
0.2272727272727273
0.29411764705882354
0.0
1.153846153846154
0.0
1.3513513513513513
0.6493506493506493
1.0256410256410255
0.0
1.2328767123287672
0.6015037593984962
1.6666666666666665
0.8108108108108109
1.0526315789473684
0.5988023952095809
1.326530612244898
0.425531914893617
1.282051282051282
0.5813953488372093
0.5405405405405406
1.4912280701754386
0.0
0.8035714285714286
0.75
0.6451612903225806
0.860655737704918
2.5
0.5
0.0
0.8333333333333333
0.2702702702702703
1.0714285714285714
1.1475409836065573
1.0810810810810811
0.0
0.975609756097561
1.68141592920354
1.8181818181818183
1.0714285714285714
1.3953488372093024
0.9090909090909092
1.7391304347826086
1.282051282051282
0.761904761904762
0.6951871657754011
1.218274111675127
0.0
0.5
1.0843373493975903
0.8411214953271028
1.9444444444444444
0.78125
0.4807692307692308
0.5633802816901409
1.0
0.7792207792207793
0.975609756097561
0.5882352941176471
0.6
0.7853403141361257
0.6779661016949152
0.5517241379310345
0.975609756097561
1.1764705882352942
1.7307692307692308
2.727272727272727
0.847457627118644
1.625
0.40540540540540543
1.1111111111111112
0.5970149253731343
2.0454545454545454
0.43478260869565216
1.3725490196078431
0.5932203389830508
0.23255813953488372
1.794871794871795
10.0
1.4285714285714284
0.6267806267806268
0.3389830508474576
1.153846153846154
0.7692307692307693
1.4285714285714284
1.2345679012345678
1.1206896551724137
1.0377358490566038
0.0
0.8672086720867209
0.9523809523809523
0.49382716049382713
0.6
1.0714285714285714
1.3333333333333333
0.5882352941176471
1.3636363636363635
1.2857142857142856
0.6153846153846154
0.4395604395604396
1.1578947368421053
1.3333333333333333
0.851063829787234
0.8
0.6796116504854368
0.8695652173913043
5.0
0.7894736842105263
0.21739130434782608
1.1363636363636362
1.0169491525423728
0.9814323607427056
1.0975609756097562
1.4285714285714284
0.977112676056338
0.7291666666666667
0.6504065040650407
1.1952191235059761
0.8163265306122448
0.8450704225352113
1.4285714285714284
1.875
1.6216216216216217
1.2087912087912087
1.4754098360655736
0.6097560975609756
0.8641975308641975
0.43478260869565216
1.2857142857142856
0.9543010752688172
5.0
1.1111111111111112
1.0476190476190477
1.259259259259259
0.17857142857142855
0.8823529411764707
0.716612377850163
5.0
0.5882352941176471
0.8333333333333333
0.7926829268292683
1.707317073170732
0.5555555555555556
0.4545454545454546
0.5102040816326531
1.6279069767441863
0.9042553191489362
10.0
0.8333333333333333
3.333333333333333
3.5
3.333333333333333
0.4545454545454546
1.0714285714285714
1.0619469026548671
0.853658536585366
0.9090909090909092
1.2345679012345678
0.8450704225352113
1.2330316742081449
5.0
1.1111111111111112
1.0810810810810811
0.0
1.2380952380952381
0.0
0.0
0.7462686567164178
0.0
1.1428571428571428
0.8837209302325582
1.3385826771653544
0.43478260869565216
0.0
2.631578947368421
0.30303030303030304
0.0
0.8292682926829269
1.7391304347826086
0.0
0.5675675675675675
0.47619047619047616
1.3333333333333333
3.076923076923077
1.2121212121212122
1.4558823529411766
0.9102730819245773
1.3793103448275863
1.1111111111111112
1.1111111111111112
1.291759465478842
0.0
1.1111111111111112
0.0
0.7272727272727273
0.967741935483871
0.96045197740113
0.0
0.7894736842105263
1.0256410256410255
0.6779661016949152
0.8695652173913043
1.25
0.0
0.20833333333333331
2.7586206896551726
0.6707317073170732
1.069767441860465
5.0
0.9345794392523364
1.0303030303030303
0.4225352112676056
0.41666666666666663
1.0179640718562875
2.5
1.0
0.918918918918919
0.0
0.5952380952380952
2.2727272727272725
0.967741935483871
0.967741935483871
0.7070707070707071
1.25
1.707317073170732
1.5
0.853658536585366
0.0
1.0
0.15151515151515152
1.3513513513513513
1.0
1.3934426229508197
0.7547169811320754
0.7407407407407407
0.5555555555555556
0.7035175879396984
0.9615384615384616
0.5966587112171837
0.5147058823529411
0.9523809523809523
1.1304347826086956
0.6451612903225806
1.4925373134328357
0.2631578947368421
0.5214723926380368
0.8823529411764707
2.2
0.5564387917329093
0.5504587155963303
0.6382978723404255
0.6944444444444444
3.333333333333333
1.3043478260869565
1.4285714285714284
0.6857142857142857
1.2857142857142856
1.3478486262312077
0.8463541666666667
0.5970149253731343
0.898716119828816
1.076320939334638
1.1089494163424125
1.282051282051282
3.333333333333333
0.8333333333333333
1.2698412698412698
2.5
0.0
0.0
0.6542056074766355
0.0
0.4878048780487805
2.5
1.25
0.6185567010309279
0.30303030303030304
0.821917808219178
1.0
0.9411764705882353
1.2195121951219512
0.7971014492753623
0.0
0.3773584905660377
1.0666666666666667
1.3114754098360657
0.7009345794392523
1.3157894736842104
0.20202020202020204
2.5
0.7575757575757576
2.5
1.0714285714285714
0.8641975308641975
1.1494252873563218
1.8181818181818183
0.3508771929824561
0.75
0.978613968597726
1.3725490196078431
1.2307692307692308
0.0
0.5031446540880503
1.3333333333333333
1.1320754716981132
0.625
0.967741935483871
0.9090909090909092
0.6329113924050633
1.4772727272727273
0.8695652173913043
0.9227871939736347
0.47619047619047616
0.0
1.1111111111111112
1.0714285714285714
0.0
2.307692307692308
1.4583333333333335
1.4705882352941178
0.7207207207207207
10.0
1.0
1.4634146341463414
1.153846153846154
0.0
0.6094808126410836
0.6763285024154588
1.777777777777778
0.3225806451612903
1.2720848056537102
0.7446808510638298
0.9859154929577464
2.608695652173913
0.721153846153846
2.5
1.0819672131147542
2.5
0.4643962848297214
1.0638297872340425
10.0
0.5660377358490566
2.142857142857143
0.7142857142857142
0.967741935483871
0.9230769230769231
1.1827956989247312
1.153846153846154
1.4285714285714284
1.8181818181818183
3.75
1.2365591397849462
0.6451612903225806
2.0930232558139537
0.0
1.2
0.8
0.875
1.1267605633802817
0.38461538461538464
0.7865168539325842
2.5
1.3235294117647058
1.4018691588785046
0.759493670886076
0.37037037037037035
1.8181818181818183
1.6981132075471697
0.7853403141361257
0.7692307692307693
1.0526315789473684
0.4878048780487805
1.3333333333333333
0.8108108108108109
0.5714285714285714
0.0
0.7865168539325842
1.09375
1.6666666666666665
2.8571428571428568
1.4285714285714284
1.069042316258352
0.7407407407407407
0.7547169811320754
10.0
0.8333333333333333
0.75
0.4838709677419355
0.0
4.0
0.5970149253731343
0.6748466257668712
3.333333333333333
1.0640145922001216
0.7326007326007327
0.9900990099009901
0.9183673469387755
2.3529411764705883
1.4285714285714284
1.1377245508982035
2.5
0.7692307692307693
0.7142857142857142
1.5705765407554673
0.7317073170731707
0.7799442896935933
0.273972602739726
1.9047619047619047
1.1111111111111112
1.1842105263157894
0.28169014084507044
0.6756756756756757
1.9047619047619047
0.5102040816326531
2.0
0.7692307692307693
5.0
0.78125
1.9444444444444444
0.3448275862068966
0.6194690265486725
1.6666666666666665
0.8547008547008548
0.5263157894736842
1.8181818181818183
0.6224066390041494
0.7272727272727273
2.0
1.7999999999999998
1.2
0.7142857142857142
0.0
1.5447154471544717
1.1111111111111112
0.8168316831683169
1.7241379310344829
0.7608695652173914
2.5
1.5686274509803921
0.7142857142857142
0.5691056910569106
0.9090909090909092
0.8547008547008548
1.044776119402985
1.6666666666666665
1.9444444444444444
0.8571428571428572
1.1494252873563218
3.333333333333333
10.0
1.4666666666666668
1.25
0.9320695102685623
0.958904109589041
0.75
1.6666666666666665
1.238938053097345
0.5
0.963855421686747
1.3636363636363635
0.0
0.4918032786885246
0.5263157894736842
2.5
1.7525773195876289
1.124031007751938
0.6678082191780822
1.8604651162790697
1.194572328567967
0.7714285714285714
5.0
2.903225806451613
2.0
0.6666666666666666
1.5384615384615385
1.4012738853503184
10.0
1.8181818181818183
0.625
0.7142857142857142
0.9090909090909092
0.8
1.4661654135338344
2.631578947368421
0.7453416149068324
1.5151515151515151
0.7407407407407407
2.1333333333333333
1.6666666666666665
1.1111111111111112
0.41237113402061853
0.273972602739726
1.4173228346456692
0.46116504854368934
1.0679611650485437
0.9467455621301775
1.129032258064516
1.5151515151515151
2.8000000000000003
0.0
2.5
1.777777777777778
0.0
1.2315270935960592
0.6896551724137931
0.8333333333333333
1.2307692307692308
1.3333333333333333
1.1786372007366483
0.9375
0.9259259259259258
0.6896551724137931
2.8571428571428568
2.631578947368421
0.8045977011494253
1.5384615384615385
1.4285714285714284
0.8181818181818181
0.5
1.25
0.6578947368421052
0.8928571428571429
2.0
0.9523809523809523
0.0
1.0526315789473684
0.7246376811594203
1.7391304347826086
0.8387096774193549
0.15625
1.25
10.0
0.9090909090909092
1.25
0.3125
0.8108108108108109
3.8461538461538463
1.7647058823529413
1.0869565217391304
2.727272727272727
2.0
0.0
0.6493506493506493
0.927960927960928
2.1739130434782608
0.7920792079207921
0.0
0.5882352941176471
0.8869814020028612
1.25
0.6666666666666666
0.6572645023948909
0.8771929824561403
0.449438202247191
10.0
1.0360360360360361
1.6666666666666665
2.8000000000000003
0.5813953488372093
2.571428571428571
0.0
2.727272727272727
1.4084507042253522
1.0869565217391304
0.0
1.6129032258064515
0.6153846153846154
1.2280701754385963
0.8771929824561403
1.487603305785124
2.0
0.8130081300813008
1.1688311688311688
0.0
1.6393442622950818
1.694915254237288
1.8461538461538463
0.8860759493670887
1.2121212121212122
1.0975609756097562
0.5084745762711864
0.896551724137931
2.0
1.3068181818181817
0.8280254777070063
0.6631927996210327
0.3571428571428571
1.5
1.777777777777778
1.1111111111111112
0.7792207792207793
0.5
0.9090909090909092
1.0810810810810811
0.5527638190954774
0.0
1.0
1.6666666666666665
0.6853582554517134
0.7692307692307693
2.5
0.8029197080291971
3.333333333333333
1.6
0.6147540983606558
1.6666666666666665
1.1111111111111112
1.6129032258064515
1.3370473537604457
0.0
1.6037735849056602
1.037037037037037
1.2328767123287672
0.6015037593984962
0.5376344086021505
1.1320754716981132
1.1111111111111112
1.1645422943221322
1.5909090909090908
0.5962059620596206
1.0884353741496597
1.4285714285714284
10.0
1.6216216216216217
0.7106598984771574
0.3787878787878788
0.9480122324159022
2.8571428571428568
0.5347593582887701
0.5660377358490566
0.5714285714285714
0.0
1.6
1.461988304093567
1.0256410256410255
10.0
0.0
1.0902255639097744
1.238938053097345
0.7692307692307693
1.5384615384615385
0.9615384615384616
0.8018867924528301
5.0
0.8461538461538463
0.5882352941176471
2.5
6.666666666666666
0.0
1.0227272727272727
0.5217391304347826
1.5
2.5
5.0
0.24390243902439024
0.821917808219178
0.967741935483871
5.0
5.0
0.9433962264150944
1.5555555555555556
1.0075566750629723
0.6557377049180328
0.7789473684210526
0.6349206349206349
2.1052631578947367
0.7843137254901961
1.25
0.5434782608695652
0.5714285714285714
