11.320675105485233
11.954588014981274
2.785121681415929
0.20151382476251128
4.303571428571429
0.24769202969971746
2.968574297188755
9.604974160206718
0.4855199791748015
0.5512763759775712
3.704520697167756
17.744402985074625
6.870315581854044
1.2878551628551629
12.641865079365079
24.200163398692812
4.858759842519685
10.780701754385966
1.0398779461279462
2.9958860759493673
2.592164855072464
8.982456140350877
5.4968377976190474
13.681712962962964
9.203634085213032
6.334876543209877
8.665064102564102
16.638310185185187
0.26355855855855853
19.17467948717949
17.58937198067633
11.678630363036303
14.343106995884774
2.9442733990147785
11.107692307692307
18.563559322033896
2.1032925407925407
10.430555555555555
6.162996545768566
12.752717391304348
8.839285714285714
4.503156565656566
18.399425287356323
15.169337606837606
9.08974358974359
0.20794827085149667
7.6714205816554815
1.5147027600849257
6.670204402515723
18.1593567251462
12.34765625
7.0854037267080745
7.030645161290322
3.9608843537414966
16.719975490196077
4.3544823232323235
1.3922672672672671
7.729497354497354
11.186698717948717
0.9357583065380493
3.358600583090379
4.31929012345679
13.382716049382715
6.836538461538462
10.845619658119658
10.76062091503268
19.666666666666668
0.7954545454545454
8.748062015503876
9.341101694915254
3.6954545454545453
18.539650537634408
3.0157300672430356
16.38647342995169
14.203125
10.347222222222223
7.577425373134329
13.679852320675105
21.306666666666665
16.87152777777778
18.47733918128655
11.017799352750808
0.3505014253716147
6.711330935251799
18.561805555555555
15.07611111111111
4.944010416666667
1.6239808153477218
2.8051007556675063
11.324583333333333
6.021167557932264
7.191082802547771
14.125
17.75933908045977
12.967532467532468
6.41047619047619
1.4969444444444444
12.966235632183908
9.535130718954248
6.697222222222222
0.5846110533610533
19.266203703703702
19.352623456790123
1.2783982436044292
15.38370646766169
4.757543103448276
3.012001811594203
16.014880952380953
0.861814757079761
7.661967418546366
12.245056497175142
10.777061855670103
1.6170870425321464
5.82308201058201
17.559139784946236
10.19372852233677
13.627604166666666
3.7266609392898054
1.3217364532019704
1.6412760416666667
8.734543010752688
3.293730650154799
18.573994252873565
5.7369929453262785
11.749074074074073
13.65643274853801
11.77930402930403
7.105811403508772
5.690255731922399
12.640196078431373
1.1644044612794613
13.45
7.934876543209876
12.8625
11.0390625
15.169014084507042
3.4065495207667733
17.39429012345679
0.38826236015878746
18.370192307692307
1.5048209366391185
16.137096774193548
2.539885193982581
17.276515151515152
11.628703703703703
4.090277777777778
15.87310606060606
14.90199530516432
7.592147435897435
0.9088631156930126
0.7403957753017641
16.858187134502923
12.641666666666667
4.63302752293578
13.0296875
3.716578327444052
10.017326732673267
5.82560861423221
17.885057471264368
13.608225108225108
5.539703315881327
10.135817307692308
0.7047413793103448
10.155228758169935
5.835565476190476
1.6886315228966986
1.9394914215686274
5.816082802547771
2.297307132459971
1.6370528771384136
6.114651416122005
2.3768939393939394
15.144323671497585
10.391414141414142
0.6456919596956611
15.894871794871795
18.584935897435898
10.332908163265307
12.427469135802468
10.66123188405797
1.2732677326773267
0.19716625483114744
13.021645021645021
1.0876225490196079
17.491525423728813
1.6050130208333333
5.639732965009208
15.377083333333333
7.212622549019608
11.247191011235955
6.037121212121212
6.780905077262693
13.770833333333334
9.77423469387755
7.1154761904761905
0.8895416304032492
15.231119791666666
7.885833333333333
11.865345528455284
5.481406810035843
3.03955223880597
18.314102564102566
0.9649444988573294
6.377514367816092
14.210171568627452
4.50405604719764
4.100850340136055
11.22940074906367
14.405598958333334
11.603927203065135
7.213333333333333
12.991341991341992
0.9895113524185587
2.779120626151013
3.7714334705075445
13.720657276995306
14.398550724637682
10.268817204301076
14.606770833333334
10.892129629629629
14.801923076923076
8.524847094801224
8.87962962962963
7.799212598425197
4.524047619047619
15.53445512820513
8.081372549019608
3.5785519125683063
8.543859649122806
6.376666666666667
2.0523962804005724
16.841374269005847
9.963615023474178
3.669620646766169
9.011963696369637
8.17577030812325
2.490302642796249
1.70906432748538
9.453972868217054
12.622747747747747
3.427856301531213
6.427646396396397
0.17385134331906799
5.66331096196868
14.840608465608465
9.881205673758865
18.16826923076923
6.272058823529412
13.148474178403756
3.3125
8.568824404761905
3.902014652014652
13.471830985915494
3.205662393162393
2.2260802469135803
0.3905129246176749
8.817550505050505
10.883503401360544
17.237654320987655
0.9443481848184818
11.848684210526315
13.985294117647058
6.2894736842105265
2.5902288732394365
2.5711520947176685
2.923185071574642
6.840277777777778
3.097315436241611
0.755859375
8.895226537216828
3.6898907103825134
16.967424242424244
8.921073717948717
2.696236559139785
0.9879883843717001
1.307218309859155
2.3775316455696203
13.9247311827957
14.96311475409836
13.058333333333334
6.225409836065574
5.096505376344086
4.498006379585327
14.3125
8.390804597701148
12.405405405405405
7.7796934865900385
12.28
11.947115384615385
2.2765625
12.307971014492754
0.8762996219281664
2.5948556797020483
6.643967661691542
2.573351903435469
13.512254901960784
11.051075268817204
3.184294871794872
9.43900966183575
11.559895833333334
0.6824871228844739
7.839031339031339
3.7426268861454046
9.165841584158416
9.53763440860215
3.5185006435006434
0.7210187353629977
9.65324074074074
8.463942307692308
5.885416666666667
16.70909090909091
1.2229959239130435
11.426111111111112
3.93924375917768
8.399621212121213
6.261700913242009
0.9703389830508474
7.912234042553192
3.784232365145228
10.35344827586207
6.9289434523809526
1.7209283903675539
9.317883895131086
7.820833333333334
3.192194835680751
6.303697183098592
1.4479333333333333
12.764423076923077
5.708333333333333
0.16291223643899802
2.8586021505376342
7.551779935275081
12.13828502415459
12.817401960784315
14.276881720430108
1.89561310782241
7.978030303030303
10.160218253968253
11.253571428571428
14.040204678362572
6.637437810945274
4.302293064876957
10.139735772357723
2.236280487804878
1.9191810344827587
8.928571428571429
9.794117647058824
2.420765027322404
0.5859053497942387
12.999387254901961
1.0808823529411764
4.270933977455717
9.833801498127341
9.942164179104477
1.7760840108401084
1.3407828282828282
1.0338142913231252
10.05026455026455
6.93997175141243
2.84375
10.568775100401606
1.8920454545454546
8.684818481848184
10.705246913580247
6.58130081300813
8.531553398058252
8.681518151815181
11.418311403508772
5.0729768786127165
2.5073529411764706
1.0189217963608208
5.050872093023256
2.3203703703703704
2.9950980392156863
6.452425373134329
6.191369047619047
15.165123456790123
11.757882882882884
5.4607683982683985
2.91353811149033
2.455979284369115
2.1519607843137254
1.3864965443912813
5.538995726495727
1.943465909090909
8.61421568627451
3.755640465793304
7.230769230769231
2.73803490990991
6.136591478696742
2.529565868263473
0.8450263504611331
10.811431623931623
7.905763239875389
1.6597359735973598
1.193006993006993
3.62754303599374
15.465277777777779
4.256720430107527
12.341796875
12.888227513227513
10.393518518518519
14.376488095238095
7.560283687943262
11.07876712328767
4.8657407407407405
12.399717514124294
5.392429193899782
0.13321530872056014
9.041193181818182
6.598333333333334
1.3185598018400566
5.312734082397004
6.117628205128205
8.37061403508772
0.8173076923076923
9.766957364341085
14.958333333333334
6.1521464646464645
9.562745098039215
3.886904761904762
8.226804123711341
0.17192955432326967
3.8369815668202767
0.9087518195050946
11.37051282051282
2.282445355191257
5.010291164658635
7.202651515151516
11.885265700483092
4.529826958105646
8.922892720306514
6.4541015625
6.871438746438747
12.033203125
7.06517094017094
9.76880081300813
2.407847648261759
7.837418300653595
10.723484848484848
0.757445987654321
6.1702196382428935
12.438524590163935
7.737980769230769
4.506983240223463
10.845890410958905
3.499597423510467
2.1553728070175437
11.928308823529411
3.6517045454545456
4.215494791666667
5.881594724220624
12.329545454545455
5.724099099099099
1.3492798353909465
6.403761061946903
7.514660493827161
10.081770833333334
8.237390350877194
9.707291666666666
2.1325757575757573
3.2365702479338845
9.545634920634921
10.203586497890296
9.123493975903614
8.731481481481481
5.373881431767338
13.352729885057471
13.530367231638419
11.03925120772947
4.115120274914089
3.1015826873385013
7.57311320754717
10.476914414414415
3.4326923076923075
13.89090909090909
4.6556372549019605
6.371069182389936
5.035562632696391
13.080929487179487
4.081196581196581
2.6901129943502826
7.595833333333333
4.481508875739645
4.611861861861862
14.020061728395062
9.072318007662835
10.827956989247312
2.377540650406504
10.604166666666666
7.230833333333334
3.553030303030303
4.477969348659004
8.275
6.55448717948718
6.107916666666667
4.948248407643312
6.454861111111111
14.041666666666666
4.7121676891615545
2.361324130879346
2.59211259754738
4.557123655913978
6.521969696969697
4.5596646942800785
5.758771929824562
9.125502008032129
10.557077625570777
6.6655982905982905
8.193352059925093
4.556530214424951
5.8731060606060606
5.697201017811705
10.014069264069263
12.845238095238095
2.652199074074074
11.193407960199005
4.297447013487476
7.529820261437909
13.714506172839506
7.790350877192982
4.45
6.7975628930817615
3.2862654320987654
5.184807256235827
6.057035519125683
3.7753350083752095
10.970771144278608
4.679245283018868
9.131687242798353
5.386011904761904
10.667857142857143
12.519444444444444
1.5819444444444444
1.0917240390131957
1.836703431372549
6.81651376146789
6.744744744744745
7.2783171521035595
5.238309352517986
5.239730046948357
4.444940476190476
4.403273809523809
6.577932098765432
1.5615750528541226
6.428303303303303
6.60960960960961
11.568783068783068
9.479166666666666
8.293290043290042
9.757777777777777
8.173780487804878
7.227465986394558
3.74231843575419
7.161356209150327
5.617894056847545
6.334057971014492
12.568452380952381
6.2178362573099415
3.9078828828828827
2.532473309608541
2.62814465408805
3.892824074074074
10.908974358974358
3.754279279279279
10.310661764705882
1.3843127809890816
5.877136752136752
5.059343434343434
0.4221943789308176
6.436186186186187
3.8169398907103824
1.4491974043715847
11.947740112994351
8.09959349593496
3.276190476190476
11.143518518518519
6.892799352750809
4.762668918918919
8.582818930041153
4.786347517730497
5.270833333333333
9.546019900497512
4.553523035230352
0.8263396375098503
9.253156565656566
1.2665295551492992
4.98581560283688
3.3576923076923078
9.336711711711711
6.165165165165165
0.9194738000880669
6.182823129251701
8.987442922374429
3.1811263318112633
2.742911479944675
10.079106280193237
3.4579037800687287
7.619907407407408
4.895535714285714
5.633130081300813
3.106269113149847
0.9098484848484849
11.620535714285714
4.0190329218107
11.340277777777779
4.355099502487562
8.82218309859155
7.066756272401434
4.807805164319249
3.347844112769486
5.072222222222222
5.523148148148148
2.6977931488801055
0.6128923766816143
5.407448377581121
11.671296296296296
8.62987012987013
2.1479885057471266
2.752032520325203
11.899999999999999
3.5552083333333333
8.313852813852813
1.1314102564102564
7.330882352941177
1.314318783068783
2.854078014184397
3.637019230769231
11.348419540229886
6.235824742268041
7.362359550561798
2.5568181818181817
1.9084757834757835
1.1889204545454546
0.7362588652482269
1.3586093857832988
7.83707264957265
1.808197463768116
9.153205128205128
10.430327868852459
0.6477864583333334
0.6621711621711621
9.775497512437811
4.73731884057971
3.130152329749104
0.9251640881387717
4.350282485875706
2.6678819444444444
4.989583333333333
6.917602996254682
10.01388888888889
0.7439730447987851
2.731641914191419
9.42391304347826
10.600694444444445
3.7953648915187377
8.25
6.096031746031746
12.23611111111111
6.517857142857143
8.880859375
3.2474747474747474
0.3047331438496763
1.4455128205128205
1.5224282296650717
1.080155979202773
4.81827731092437
6.238036303630363
1.4581413210445469
6.3557098765432105
10.452083333333333
2.4086845466155813
2.9891975308641974
3.5785472972972974
6.893115942028985
5.963010204081633
5.722993827160494
4.518856447688565
6.391260162601626
7.666132478632479
10.66820987654321
4.610074626865671
11.22248427672956
4.872916666666667
1.3736920777279522
5.637698412698413
3.979028697571744
4.260489510489511
6.254295532646048
1.6523297491039426
8.177222222222222
2.4490546218487395
9.844086021505376
0.6586831718693936
3.7463991769547325
9.529100529100528
4.121264367816092
5.194444444444445
2.8245934959349595
5.623711340206185
1.7017790262172285
3.9591666666666665
6.422554347826087
0.7779386529386529
2.2569708491761724
7.278138528138528
6.739329268292683
1.8274739583333333
7.8241525423728815
5.079741379310345
0.39260831700413673
5.803513071895424
0.22168448869223206
0.573705656759348
0.6820250284414107
0.7540084388185654
0.9158986175115207
0.840150446638458
8.48452380952381
7.806666666666667
2.8677536231884058
3.811147186147186
1.9624515503875968
2.8583333333333334
0.7659176029962547
1.514636752136752
7.1603881278538815
6.640449438202247
0.3582375478927203
6.050304878048781
2.0003293807641636
9.050403225806452
1.1100285171102662
8.052696078431373
1.3006681514476615
7.152777777777778
3.3908382066276803
9.522540983606557
3.679666666666667
6.544507575757576
5.116749174917492
0.8248577524893315
3.3471400394477318
5.196865443425076
1.8993855606758834
4.044465174129353
6.220695970695971
8.030092592592593
4.654411764705882
4.7674501424501425
9.0
6.277935606060606
7.25487012987013
0.03392660694640893
2.89836860670194
6.150089605734767
3.0205479452054793
2.6185015290519877
10.337962962962964
1.9647766323024054
3.778973509933775
4.139190821256038
6.203703703703704
4.170426065162907
3.2885356454720616
6.699588477366255
0.6238121345029239
7.040584415584416
4.452473958333333
4.430989583333333
0.6501996007984032
1.3176470588235294
6.905833333333334
4.442460317460317
6.6438356164383565
4.072841726618705
2.1828703703703702
4.986645299145299
8.143939393939394
8.658203125
2.9737237237237237
1.1375084516565246
2.0434914841849148
8.1489898989899
6.37984496124031
0.6037590579710145
4.439
1.8072732626619552
6.665584415584416
1.4014767932489451
8.970545977011493
1.1722517730496453
0.07291666666666667
1.5536723163841808
0.7945568400770713
6.050154320987654
4.785714285714286
6.3161764705882355
6.940860215053764
8.446236559139784
1.4220113438045374
4.927272727272728
2.32689556509299
2.3711622807017543
7.330952380952381
2.58731884057971
2.0434027777777777
7.673809523809524
4.094246031746032
0.7161290322580645
8.27116402116402
7.330439814814815
5.050347222222222
2.38763197586727
5.5
5.2388613861386135
1.925925925925926
1.5649253731343284
1.8154965753424657
5.167079207920792
2.9351053639846745
2.9356955380577427
3.983527131782946
0.8219277426160337
4.868589743589744
2.88209706959707
6.900219298245614
0.9996763754045307
7.048132183908046
6.319092827004219
7.664650537634409
4.595610119047619
4.380747126436781
4.696581196581197
3.693589743589744
3.761015325670498
0.7781410256410256
7.4309701492537314
5.182291666666667
5.692176870748299
3.5316193853427897
3.6896325459317585
4.343932748538012
4.586489898989899
7.057971014492753
5.258064516129032
2.58203125
5.104824561403508
0.0362370505789153
1.2197813531353134
3.1444627192982457
2.235227272727273
6.706495098039215
4.940104166666667
1.7231514084507042
2.205385220125786
3.529589371980676
5.633966244725738
0.5506257110352674
6.086206896551724
1.0512114537444934
4.076636904761905
5.796171171171172
5.555220883534137
4.178362573099415
1.1517273576097105
2.1640873015873017
2.9408333333333334
3.921143250688705
1.9492079889807163
3.720472440944882
5.998456790123457
3.813813813813814
4.840425531914893
6.883597883597884
2.892557651991614
3.5054487179487177
2.673611111111111
6.445601851851852
2.886781609195402
1.632656065959953
5.79375
2.9877450980392157
5.869123931623932
1.6575567502986859
7.919590643274854
6.500621890547263
2.3594017094017095
6.669871794871795
0.5696729957805907
6.360256410256411
4.207561728395062
6.171296296296296
6.167840375586854
0.9025564409030544
2.0083333333333333
6.28125
2.9024193548387096
3.9988636363636365
1.7138157894736843
4.885536398467433
2.395138888888889
3.8534356725146197
2.589622641509434
7.149122807017544
1.7607473544973544
3.2981481481481483
0.5809108527131783
1.0354506604506604
6.3410714285714285
6.773584905660377
3.2364130434782608
6.862179487179487
0.5760658914728682
2.346064814814815
1.4520609318996416
6.07981220657277
0.5777012248468941
7.669070512820513
1.8605225988700564
0.5844385499557914
0.6664141414141415
2.7884819532908707
0.07455245864491275
1.004416282642089
4.431286549707602
1.273521505376344
4.103150406504065
4.605485232067511
2.439655172413793
1.059656741108354
4.6058558558558556
3.7803738317757007
3.6225071225071224
5.770502645502646
4.9522357723577235
3.287298387096774
0.9990126382306477
3.97985347985348
1.9484034267912773
1.5060168471720818
3.308
3.3911290322580645
4.290196078431372
6.251366120218579
3.254513888888889
4.522435897435898
0.8685495118549512
0.8087565104166666
2.78490990990991
1.8265117994100295
0.9732510288065843
1.663475975975976
2.483080808080808
2.1199324324324325
6.380291005291006
3.0537109375
2.0859375
1.4552194543297745
3.0786340852130327
2.654491341991342
3.8922558922558923
5.433333333333334
0.5542346014492754
4.092592592592593
2.1594982078853047
3.557725694444444
6.466517857142858
3.4351032448377583
3.2149305555555556
4.1730072463768115
4.18927304964539
2.2916666666666665
3.994281045751634
0.4101796407185629
1.8940018315018314
5.652380952380953
5.904850746268656
0.8898876404494382
3.0150462962962963
4.400914634146342
3.901936026936027
5.810661764705882
2.0641361256544504
4.845070422535211
5.701636904761905
3.681294326241135
2.267006802721088
3.464970501474926
5.168055555555555
4.587254901960784
2.759950248756219
3.654246794871795
3.6836569579288025
6.184848484848485
5.117937853107345
5.017959770114943
0.7998245614035088
0.3315641247833622
0.6167071197411004
3.2719298245614037
2.4325396825396823
2.41991341991342
0.43
0.2957618304732189
3.4795524691358026
0.0806745182012848
3.324852507374631
1.1506410256410255
0.477233676975945
1.1821428571428572
2.3873655913978493
1.8352272727272727
3.6075
2.419956140350877
5.749338624338624
5.941964285714286
2.1180555555555554
4.0
2.8511904761904763
4.888285024154589
3.613295880149813
4.077450980392157
4.814444444444445
1.818467336683417
3.7861111111111114
2.1641414141414144
2.7269647696476964
2.975903614457831
2.640740740740741
3.901685393258427
1.8896780303030303
3.7311827956989245
4.530024509803922
0.7776532137518685
3.6843297101449277
1.5013138138138138
4.025966183574879
1.0240091463414633
0.9713016330451489
0.13878020318506315
4.330128205128205
2.9763513513513513
3.2226702508960576
2.031758130081301
3.444602272727273
2.618766404199475
1.741263440860215
3.018302180685358
0.46388101983002833
1.9684466019417477
1.275
3.29780701754386
0.42480340760157276
1.23378728923476
2.4681122448979593
1.5725081699346406
3.611280487804878
3.9830043859649122
0.9460422812192724
3.6538461538461537
3.058624031007752
3.2799625468164795
0.29701154806491886
2.6901041666666665
1.8747519841269842
1.6051801801801802
2.894654088050314
1.352536231884058
2.637358757062147
2.0794183445190155
3.324537037037037
0.0736554021894336
3.052721088435374
0.5705307262569832
1.4659455128205128
4.9467592592592595
0.4037878787878788
0.40420560747663553
1.056924882629108
2.1345238095238095
0.6080567081604425
3.0925141242937855
1.055453431372549
3.2419871794871793
1.6613636363636364
3.324858757062147
2.8609649122807017
0.9431306306306306
3.2738095238095237
1.810483870967742
0.6191806331471136
0.8097667638483965
0.6131744271988174
4.385416666666667
0.4235015772870662
1.5530995934959348
0.5117909496494583
2.195336391437309
1.3818705673758864
2.8098591549295775
0.8394097222222222
0.21027885862516213
2.5235745614035086
1.3673184357541899
1.2985714285714285
2.4465579710144927
1.621604938271605
3.559166666666667
1.3254761904761905
1.0658411949685533
2.1055825242718447
3.8050595238095237
2.375473484848485
1.883956386292835
1.8152654867256637
0.19331170837194933
1.2885416666666667
0.2943007662835249
2.0339147286821704
1.826984126984127
1.6239754098360655
0.853711790393013
1.3420263788968825
0.9279336734693877
