0.30619198083877563
0.8090577721595764
0.5954173803329468
0.116514652967453
0.30619198083877563
0.22476837038993835
0.2772681713104248
0.633974015712738
0.17803901433944702
0.7745792865753174
0.306192010641098
0.7141864895820618
0.31383031606674194
0.26610779762268066
0.6380428671836853
0.4547859728336334
0.31258028745651245
0.32419976592063904
0.5037040710449219
0.7633361220359802
0.7597801685333252
0.27715885639190674
0.14941886067390442
0.19956709444522858
0.26175087690353394
0.1470242440700531
0.48000550270080566
0.8423715233802795
0.4916844367980957
0.3501594066619873
0.9078599810600281
0.20445750653743744
0.4129592776298523
0.8968578577041626
0.67198246717453
0.2241605967283249
0.20099791884422302
0.3209956884384155
0.26991885900497437
0.3853347897529602
0.6718435883522034
0.45243778824806213
0.1848362684249878
0.3145624101161957
0.633095383644104
0.17843122780323029
0.32700926065444946
0.17110489308834076
0.5126356482505798
0.5495249629020691
0.4865737557411194
0.10972218215465546
0.23840957880020142
0.1790541112422943
0.9000492095947266
0.17702649533748627
0.22474659979343414
0.2005433589220047
0.6777820587158203
0.37658554315567017
0.7555944919586182
0.1481148600578308
0.8263338804244995
0.45537570118904114
0.3113197982311249
0.3615897297859192
0.6846411228179932
0.2249181568622589
0.41591137647628784
0.49002552032470703
0.512647271156311
0.3943221867084503
0.6718443036079407
0.33318889141082764
0.22067534923553467
0.24373669922351837
0.11594942212104797
0.22972148656845093
0.44186362624168396
0.1419529765844345
0.15230704843997955
0.15871652960777283
0.33530592918395996
0.6806222796440125
0.5151461362838745
0.3099101483821869
0.3008383512496948
0.2996765971183777
0.20061129331588745
0.14870081841945648
0.5159628987312317
0.14755909144878387
0.14717330038547516
0.28567829728126526
0.861509382724762
0.1581573635339737
0.08849699050188065
0.22500434517860413
0.306192010641098
0.12681733071804047
0.4625287652015686
0.45433834195137024
0.14776776731014252
0.12824583053588867
0.30619198083877563
0.4359489679336548
0.17768098413944244
0.31114625930786133
0.8988123536109924
0.8258389830589294
0.809785783290863
0.7960694432258606
0.428500771522522
0.7093157172203064
0.3376910388469696
0.8094183206558228
0.813479483127594
0.7201810479164124
0.7540781497955322
0.6364173889160156
0.10450517386198044
0.3880248963832855
0.29376980662345886
0.14915728569030762
0.2937776744365692
0.4891805350780487
0.7724360227584839
0.3244840204715729
0.22438707947731018
0.11372128129005432
0.6689794659614563
0.841022789478302
0.2376204878091812
0.6973121762275696
0.3440103530883789
0.17666690051555634
0.26715993881225586
0.4476470351219177
0.14470914006233215
0.42197856307029724
0.15479403734207153
0.6880250573158264
0.22313031554222107
0.17738863825798035
0.14116109907627106
0.6718443036079407
0.22438707947731018
0.24894532561302185
0.22528739273548126
0.14709752798080444
0.27330076694488525
0.4589540958404541
0.4219639003276825
0.5018434524536133
0.67198246717453
0.5096790194511414
0.19423651695251465
0.47152358293533325
0.1781824827194214
0.4536437392234802
0.48520395159721375
0.325564444065094
0.5044313073158264
0.2436312735080719
0.4737003445625305
0.5117977261543274
0.17871282994747162
0.1776798963546753
0.5579917430877686
0.14683271944522858
0.15792907774448395
0.6024081110954285
0.22417138516902924
0.4908442199230194
0.22725948691368103
0.5924684405326843
0.5164012312889099
0.4687883257865906
0.865507960319519
0.230545774102211
0.22491104900836945
0.8644033670425415
0.24639369547367096
0.5757210850715637
0.6718443036079407
0.7488818764686584
0.2049863040447235
0.6147714853286743
0.1958317905664444
0.177302747964859
0.1464499533176422
0.3910740911960602
0.3609118163585663
0.34504130482673645
0.3794497847557068
0.13806132972240448
0.8964141607284546
0.7746054530143738
0.5289666652679443
0.3868166506290436
0.18093213438987732
0.1541873663663864
0.22475557029247284
0.22456860542297363
0.11467663198709488
0.5156180262565613
0.38235944509506226
0.386572927236557
0.22465141117572784
0.5987101197242737
0.22416050732135773
0.7947751879692078
0.22417138516902924
0.239477276802063
0.8102880120277405
0.17814724147319794
0.2241605967283249
0.7594125866889954
0.5282374620437622
0.740039050579071
0.6631261706352234
0.28315606713294983
0.16016428172588348
0.22474655508995056
0.6463357210159302
0.38678836822509766
0.7036802172660828
0.42806756496429443
0.22472141683101654
0.5316146612167358
0.28910210728645325
0.2666916251182556
0.21901707351207733
0.12578439712524414
0.30619198083877563
0.2993655502796173
0.6648655533790588
0.8346959352493286
0.22449932992458344
0.5749103426933289
0.644760251045227
0.6693241596221924
0.41981324553489685
0.4180225431919098
0.19023437798023224
0.2862744629383087
0.1465151309967041
0.24472922086715698
0.14683741331100464
0.6838894486427307
0.17563144862651825
0.7750920057296753
0.47017762064933777
0.7692571878433228
0.306217223405838
0.18146103620529175
0.1274677813053131
0.5311170816421509
0.5050462484359741
0.2214592695236206
0.13334159553050995
0.2257448136806488
0.22438707947731018
0.4547429382801056
0.22417138516902924
0.29456719756126404
0.6186869144439697
0.7811368703842163
0.12528623640537262
0.48394012451171875
0.2769504487514496
0.6833527088165283
0.7496835589408875
0.14556512236595154
0.2241605967283249
0.5916479229927063
0.4738423824310303
0.49682289361953735
0.10880220681428909
0.39868831634521484
0.2568792998790741
0.40726804733276367
0.2241714894771576
0.5436033010482788
0.6923733353614807
0.6556206345558167
0.6424959897994995
0.1773902326822281
0.8342376947402954
0.12163037061691284
0.30619198083877563
0.3133881986141205
0.11031040549278259
0.15192298591136932
0.38534295558929443
0.560759961605072
0.12489677965641022
0.30619198083877563
0.6511490345001221
0.30138567090034485
0.4057137668132782
0.3637425899505615
0.22483862936496735
0.4920441508293152
0.30619198083877563
0.35738837718963623
0.6357695460319519
0.41479942202568054
0.5893058180809021
0.46926257014274597
0.6289329528808594
0.12552301585674286
0.22446267306804657
0.3310249447822571
0.8313900828361511
0.37979838252067566
0.1789541095495224
0.22477813065052032
0.804327130317688
0.3099091351032257
0.1704455018043518
0.5815241932868958
0.17964057624340057
0.48083290457725525
0.14679118990898132
0.80875563621521
0.2407664656639099
0.4679335653781891
0.12931415438652039
0.5968977808952332
0.7869043946266174
0.22728122770786285
0.6724007725715637
0.3883633315563202
0.24967482686042786
0.4191024601459503
0.2652861177921295
0.2241605818271637
0.22448787093162537
0.22417151927947998
0.5223243236541748
0.7586966753005981
0.1491278111934662
0.476053386926651
0.30619198083877563
0.18020276725292206
0.7201696634292603
0.41875389218330383
0.5910118818283081
0.12523172795772552
0.3225320875644684
0.14137201011180878
0.30621716380119324
0.22686761617660522
0.385275661945343
0.1526237279176712
0.17894795536994934
0.10890635848045349
0.33605462312698364
0.1468770056962967
0.20145677030086517
0.22424069046974182
0.5311325788497925
0.2728346884250641
0.09881899505853653
0.15614986419677734
0.8583097457885742
0.8428572416305542
0.4504433274269104
0.27397194504737854
0.41127511858940125
0.583811342716217
0.1350252777338028
0.17690828442573547
0.8081056475639343
0.7596657276153564
0.3199613094329834
0.4171484112739563
0.22511233389377594
0.334440678358078
0.5413695573806763
0.6515936255455017
0.16011139750480652
0.2571294903755188
0.22416062653064728
0.12507428228855133
0.386528342962265
0.33700284361839294
0.20232415199279785
0.1792488843202591
0.39773622155189514
0.4611525237560272
0.493226021528244
0.3293781876564026
0.751826822757721
0.35869085788726807
0.1953345537185669
0.14679144322872162
0.485747754573822
0.22563692927360535
0.17790554463863373
0.30704277753829956
0.3252842426300049
0.6943743824958801
0.6787238717079163
0.8395414352416992
0.13756223022937775
0.4274776577949524
0.49384161829948425
0.6996700167655945
0.8033985495567322
0.14806970953941345
0.21365156769752502
0.22511239349842072
0.7057788968086243
0.19822847843170166
0.2702667713165283
0.7272777557373047
0.8848327994346619
0.4403052031993866
0.2885703444480896
0.49003615975379944
0.2539951205253601
0.5889460444450378
0.24446679651737213
0.3538859188556671
0.4875728487968445
0.8051610589027405
0.1410757452249527
0.6770944595336914
0.49509313702583313
0.093167245388031
0.217712864279747
0.3905450105667114
0.4015888273715973
0.4511263966560364
0.20530566573143005
0.1631140112876892
0.7113972902297974
0.17246365547180176
0.358761191368103
0.25274425745010376
0.23447366058826447
0.3223721385002136
0.5220392942428589
0.22438707947731018
0.22478894889354706
0.41105830669403076
0.19053274393081665
0.7779750227928162
0.20371386408805847
0.17767973244190216
0.19025418162345886
0.3915003836154938
0.177946075797081
0.44528764486312866
0.5567517876625061
0.16067951917648315
0.4123589098453522
0.19545377790927887
0.75606369972229
0.5239461064338684
0.2958065867424011
0.13681897521018982
0.5611491799354553
0.31605905294418335
0.27291372418403625
0.498288094997406
0.6243844628334045
0.9214369654655457
0.7158493995666504
0.8384471535682678
0.36114001274108887
0.7463741302490234
0.2241715043783188
0.2164170742034912
0.7091132402420044
0.7431617975234985
0.5974711775779724
0.2241715043783188
0.27121302485466003
0.4919258654117584
0.17859046161174774
0.4505137503147125
0.6718443036079407
0.22416050732135773
0.46952593326568604
0.5303134918212891
0.37775349617004395
0.2733926773071289
0.19995003938674927
0.8469333052635193
0.8029958605766296
0.6244028210639954
0.39366310834884644
0.3544794023036957
0.44586727023124695
0.16016174852848053
0.8154181838035583
0.2243761569261551
0.10405232757329941
0.5554551482200623
0.8318506479263306
0.14291076362133026
0.7133534550666809
0.8345077633857727
0.7596657276153564
0.22906652092933655
0.2161894589662552
0.1099790409207344
0.4841461479663849
0.22970430552959442
0.5398557186126709
0.22438707947731018
0.24364623427391052
0.22417138516902924
0.19423499703407288
0.33099690079689026
0.554599940776825
0.1854717880487442
0.17748406529426575
0.6532157063484192
0.30619198083877563
0.704911470413208
0.10904832929372787
0.3775885999202728
0.8997277021408081
0.5584166646003723
0.5714931488037109
0.7664588093757629
0.2344500571489334
0.3099096417427063
0.5161701440811157
0.7136785984039307
0.5963892340660095
0.20027050375938416
0.306217223405838
0.1713998168706894
0.7996448278427124
0.17861664295196533
0.22438707947731018
0.8100351691246033
0.11416201293468475
0.49975812435150146
0.11037751287221909
0.3952415883541107
0.2705714702606201
0.17465408146381378
0.2374444454908371
0.2241605818271637
0.18748344480991364
0.18720845878124237
0.5171754360198975
0.22582857310771942
0.1413402408361435
0.3021594285964966
0.7733410000801086
0.36073732376098633
0.7626935243606567
0.5493651628494263
0.41653260588645935
0.5995485782623291
0.4947396516799927
0.36894169449806213
0.5864375829696655
0.4328930079936981
0.1939557045698166
0.2693844735622406
0.3889825940132141
0.4793834984302521
0.23561537265777588
0.2568863332271576
0.22417138516902924
0.22446268796920776
0.10879038274288177
0.8083547949790955
0.1600196361541748
0.39232924580574036
0.18209758400917053
0.4439839720726013
0.8413732647895813
0.12371157109737396
0.18852512538433075
0.22130221128463745
0.9301757216453552
0.7589565515518188
0.2132258266210556
0.5400819182395935
0.1798044592142105
0.12479320168495178
0.5715802311897278
0.17829164862632751
0.24361614882946014
0.6718443036079407
0.22444552183151245
0.12934496998786926
0.3917945325374603
0.1617368459701538
0.5975165367126465
0.4027995467185974
0.2241605967283249
0.9480690360069275
0.1468719094991684
0.6232244372367859
0.5042796730995178
0.4970984160900116
0.17800651490688324
0.49454349279403687
0.34685543179512024
0.17785042524337769
0.2707805931568146
0.8420427441596985
0.5448340773582458
0.14947186410427094
0.12646104395389557
0.13453875482082367
0.12557457387447357
0.759375810623169
0.6166037321090698
0.22438707947731018
0.7946648597717285
0.7794832587242126
0.17110925912857056
0.21268492937088013
0.22438707947731018
0.38628387451171875
0.17754288017749786
0.3304087519645691
0.6211249828338623
0.17272189259529114
0.23765210807323456
0.8406176567077637
0.18557150661945343
0.5677815079689026
0.5171462893486023
0.14686554670333862
0.8484280109405518
0.3385770320892334
0.4270269572734833
0.12834852933883667
0.124854177236557
0.20100711286067963
0.5418676733970642
0.7453168630599976
0.5595769882202148
0.1483134925365448
0.6033576130867004
0.6350079774856567
0.17683875560760498
0.17768120765686035
0.1800413578748703
0.29995444416999817
0.7872174382209778
0.4447384774684906
0.37766653299331665
0.3835848569869995
0.48119476437568665
0.3241293132305145
0.22302521765232086
0.17872877418994904
0.4883843660354614
0.4491134285926819
0.3062171936035156
0.17859166860580444
0.1898757815361023
0.1595769077539444
0.1777413934469223
0.4002026617527008
0.09903007000684738
0.7592934966087341
0.1615932285785675
0.14683189988136292
0.17774131894111633
0.36395391821861267
0.22467967867851257
0.46232739090919495
0.6089819669723511
0.14720112085342407
0.17748399078845978
0.8049848079681396
0.22508274018764496
0.4632476270198822
0.19530563056468964
0.8102880120277405
0.45145171880722046
0.15155579149723053
0.46674779057502747
0.27173948287963867
0.260144978761673
0.44291242957115173
0.2241715043783188
0.7119719982147217
0.4146338999271393
0.5889533758163452
0.2513781487941742
0.6020074486732483
0.524523138999939
0.14698073267936707
0.09842158108949661
0.7053838968276978
0.2922629117965698
0.12807327508926392
0.2968120276927948
0.8829890489578247
0.44124269485473633
0.6384338736534119
0.4930952787399292
0.33559367060661316
0.7755123376846313
0.5171121954917908
0.5786378979682922
0.22416061162948608
0.1500021070241928
0.21506108343601227
0.8722286820411682
0.7277269959449768
0.22417138516902924
0.7951765060424805
0.5792431235313416
0.8099312782287598
0.5235699415206909
0.22417138516902924
0.14801852405071259
0.23491637408733368
0.2249181568622589
0.9221516251564026
0.7597988843917847
0.2195073515176773
0.3097432851791382
0.12834514677524567
0.9129346609115601
0.47202229499816895
0.306217223405838
0.6415234208106995
0.22968626022338867
0.7793124914169312
0.7011446356773376
0.5231600403785706
0.6402038931846619
0.9326418042182922
0.17783448100090027
0.7408729195594788
0.1940622627735138
0.27170616388320923
0.26064959168434143
0.08728904277086258
0.6718443036079407
0.2735218107700348
0.37542593479156494
0.16116999089717865
0.4154982268810272
0.7023635506629944
0.09683346003293991
0.48932889103889465
0.9030938744544983
0.25631701946258545
0.5775184035301208
0.22567009925842285
0.6150093674659729
0.8094403147697449
0.1871064156293869
0.6575998663902283
0.22416050732135773
0.37352505326271057
0.30621716380119324
0.2241605967283249
0.30621716380119324
0.07590831816196442
0.42128393054008484
0.44544562697410583
0.20058448612689972
0.7494395971298218
0.14710168540477753
0.6101293563842773
0.22416050732135773
0.14633534848690033
0.4885018467903137
0.7595892548561096
0.32949355244636536
0.5600807070732117
0.22672149538993835
0.9014022350311279
0.5723648071289062
0.226518914103508
0.5461597442626953
0.6456820964813232
0.10945507138967514
0.8432628512382507
0.22467969357967377
0.07668867707252502
0.14160726964473724
0.6389195919036865
0.8851556777954102
0.8094832301139832
0.2839444577693939
0.34490177035331726
0.18360504508018494
0.3436075448989868
0.26418745517730713
0.17818063497543335
0.6789978742599487
0.7001416683197021
0.2375403493642807
0.22707901895046234
0.7739713788032532
0.8766545653343201
0.5924822688102722
0.4009625315666199
0.4940192997455597
0.8066678643226624
0.4517824649810791
0.22454331815242767
0.8389529585838318
0.5593673586845398
0.25933516025543213
0.22438707947731018
0.8391941785812378
0.6134649515151978
0.6718443036079407
0.23420333862304688
0.28089839220046997
0.3960990905761719
0.9034373164176941
0.7587031126022339
0.22434711456298828
0.2589421570301056
0.1557217389345169
0.22544842958450317
0.42556262016296387
0.3920121490955353
0.23305854201316833
0.5237866640090942
0.339139848947525
0.28837883472442627
0.1748039722442627
0.3861512541770935
0.5206082463264465
0.47091591358184814
0.3063776195049286
0.30990856885910034
0.612984836101532
0.22571596503257751
0.6095736026763916
0.6822722554206848
0.6808984875679016
0.306217223405838
0.7495058178901672
0.8098002076148987
0.24308165907859802
0.9111278653144836
0.22438707947731018
0.37681370973587036
0.3211384415626526
0.8530578017234802
0.39367416501045227
0.5070149302482605
0.30619198083877563
0.4911905527114868
0.22469067573547363
0.2241714894771576
0.10474706441164017
0.8416556119918823
0.14633268117904663
0.12543794512748718
0.22416050732135773
0.7592935562133789
0.3339759111404419
0.7561255097389221
0.18767176568508148
0.1779346615076065
0.14790557324886322
0.1530260443687439
0.10833866894245148
0.8043748140335083
0.1974753886461258
0.270854115486145
0.22438707947731018
0.2075451761484146
0.17750518023967743
0.14681056141853333
0.28445109724998474
0.22417138516902924
0.7651609778404236
0.27119481563568115
0.4219294488430023
0.5274368524551392
0.5016735196113586
0.4443261921405792
0.12220507115125656
0.08745833486318588
0.2668097913265228
0.3232022523880005
0.7570674419403076
0.3512752950191498
0.22417138516902924
0.275983065366745
0.2241714596748352
0.14086057245731354
0.35914483666419983
0.804800808429718
0.12500379979610443
0.17777283489704132
0.23168441653251648
0.12570145726203918
0.6697752475738525
0.3702384829521179
0.24816733598709106
0.2638271152973175
0.14469270408153534
0.484301894903183
0.18157604336738586
0.22224073112010956
0.4527353048324585
0.41616037487983704
0.8456927537918091
0.40296390652656555
0.22501236200332642
0.18252551555633545
0.6400416493415833
0.32826897501945496
0.8394308090209961
0.3799206018447876
0.12755408883094788
0.5817336440086365
0.34708350896835327
0.3849574327468872
0.6718443036079407
0.664469301700592
0.5948401093482971
0.6037798523902893
0.28071147203445435
0.7580936551094055
0.7253189086914062
0.27324068546295166
0.5599096417427063
0.3873622417449951
0.25121426582336426
0.5680646896362305
0.45438820123672485
0.22417138516902924
0.5668357610702515
0.10912871360778809
0.22373484075069427
0.638595700263977
0.306192010641098
0.5498343706130981
0.38455185294151306
0.1465594470500946
0.22447361052036285
0.5124214887619019
0.6226562261581421
0.34710222482681274
0.26667332649230957
0.4394899904727936
0.7559204697608948
0.11374223232269287
0.17732205986976624
0.3697602450847626
0.22424069046974182
0.5092344880104065
0.6008719801902771
0.47278672456741333
0.3883458077907562
0.1729527711868286
0.6620810627937317
0.14139927923679352
0.7951970100402832
0.1857369840145111
0.5345221161842346
0.1253814548254013
0.753327488899231
0.22417138516902924
0.1418965458869934
0.8843031525611877
0.6443832516670227
0.5993661880493164
0.2893298864364624
0.4199031591415405
0.146333247423172
0.8637790083885193
0.4429822266101837
0.8493255972862244
0.8491441011428833
0.8782652020454407
0.6468766331672668
0.6648949384689331
0.182607039809227
0.08345262706279755
0.19366657733917236
0.5985476970672607
0.18786923587322235
0.17868953943252563
0.4930311143398285
0.5598911643028259
0.3052196502685547
0.1518222689628601
0.5704431533813477
0.21712398529052734
0.6924047470092773
0.6718443036079407
0.3985511064529419
0.7231763601303101
0.19977958500385284
0.41934677958488464
0.22447361052036285
0.5957658886909485
0.45265883207321167
0.6448445320129395
0.586363673210144
0.76952064037323
0.1776346117258072
0.24674111604690552
0.7093005776405334
0.30362406373023987
0.3391449451446533
0.6719822883605957
0.4622873365879059
0.13438981771469116
0.4246485233306885
0.67198246717453
0.6925953030586243
0.4749765992164612
0.2570461630821228
0.40824976563453674
0.13099338114261627
0.4724651277065277
0.1776653230190277
0.5967666506767273
0.31633445620536804
0.714185893535614
0.22438707947731018
0.1773887425661087
0.24322108924388885
0.22416064143180847
0.1607118397951126
0.7496747374534607
0.2053963989019394
0.17720624804496765
0.07965167611837387
0.1720406860113144
0.32715606689453125
0.29981330037117004
0.25968679785728455
0.1466720700263977
0.8364824056625366
0.10532765090465546
0.5298712849617004
0.5967072248458862
0.335317462682724
0.1555929183959961
0.6718443036079407
0.3344658315181732
0.8929680585861206
0.19835522770881653
0.3122587502002716
0.6083824634552002
0.36035892367362976
0.7992362976074219
0.10966535657644272
0.09868038445711136
0.749674379825592
0.3063775897026062
0.7199941873550415
0.22198259830474854
0.6401376128196716
0.22417138516902924
0.1489204466342926
0.4925851821899414
0.3075864315032959
0.6430920362472534
0.6719821095466614
0.5399019718170166
0.4367086887359619
0.15821880102157593
0.31681835651397705
0.5013171434402466
0.5349036455154419
0.22475752234458923
0.2596324682235718
0.8285229206085205
0.5032423734664917
0.4915193021297455
0.6996235847473145
0.7190331816673279
0.1979074776172638
0.7066566944122314
0.30619198083877563
0.31514275074005127
0.4980390667915344
0.22438707947731018
0.5552759766578674
0.6027383804321289
0.3212489187717438
0.598356306552887
0.511972188949585
0.17781268060207367
0.18725724518299103
0.08694708347320557
0.2241714596748352
0.6491318345069885
0.7562606930732727
0.22417138516902924
0.5985167622566223
0.10833866894245148
0.30618050694465637
0.34341996908187866
0.42272382974624634
0.306217223405838
0.38765591382980347
0.1493009775876999
0.8629482388496399
0.28224220871925354
0.6863878965377808
0.577479362487793
0.17864836752414703
0.10886897146701813
0.38097184896469116
0.45352065563201904
0.2241715043783188
0.568191647529602
0.8077071905136108
0.10838010162115097
0.8082653284072876
0.31403160095214844
0.18002592027187347
