41
704
2
37
25
2
24
81
33
41
74
176
18
69
16
8
31
91
71
174
1508
23
30
21
67
3
78
65
13
5
10
87
39
48
6
273
3
89
139
4
51
31
3
344
130
30
89
2
1
4
31
123
279
1
4
616
58
28
668
74
47
29
11
24
92
108
37
48
1
34
34
37
73
290
262
38
2045
93
28
3
12
139
47
5
512
38
21
15
41
5
3
7
19
23
234
1
26
97
196
48
37
36
28
89
99
22
31
58
265
33
3
39
44
315
1
174
69
57
107
77
48
35
185
1
50
61
53
49
28
198
6
312
60
120
403
40
13
27
47
27
39
56
1382
16
30
73
71
31
160
91
34
31
83
51
59
5
109
4
43
90
99
49
19
85
22
53
268
3
94
633
27
493
281
46
19
24
27
68
57
26
23
13
55
87
36
27
12
8
229
56
66
1
9
101
51
6
82
3
61
55
53
28
2
3
40
726
30
11
1
45
70
358
36
20
85
3182
16
24
132
77
123
24
583
139
85
179
323
50
32
79
3
9279
94
7
29
1
40
190
57
152
2
21
39
54
45
29
70
47
54
11
12
12
38
8
2
131
59
84
72
55
276
116
1
2
28
9
42
2
40
888
11
11
77
49
77
157
68
83
139
49
268
20
255
296
39
45
13
138
57
43
218
415
2
55
477
1435
231
100
57
78
6
13
39
77
14
25
32
5
43
506
72
8
33
400
51
43
85
2
38
89
37
84
55
84
29
69
20
22
1
248
273
2555
27
488
26
204
15
9
285
64
62
232
42
10
197
17
3610
2
90
61
1
33
73
167
5
16
23
52
26
39
24
38
22
6
119
8
479
79
8
16
25
5
26
112
395
25
114
12
29
11710
5
162
24
87
268
33
20
405
7
71
40
510
115
52
22
91
71
162
4
98
43
90
8
75
258
575
36
157
53
2
4
1
85
46
97
50
44
13
131
30
126
26
108
36
4
8
30
36
58
33
50
631
256
3
100
68
1
10
41
30
1338
240
572
411
1
6
186
3
74
13
30
498
3
36
147
64
128
201
79
29
44
145
15
114
139
26
21
2
34
130
69
10
99
114
9
21
24
110
2
49
7
2
271
2
36
42
15
64
13
56
47
33
3
1
68
52
54
24
40
3
83
10
1
182
552
80
17
3
47
49
149
221
3
158
168
16
1
105
63
41
171
2
35
29
77
15
230
95
32
78
176
27
699
200
4
40
99
27
11
70
2
401
88
2
58
8
102
41
1
591
29
106
61
86
57
371
2313
2
58
48
156
6
307
2
44
68
48
29
118
82
765
54
2
271
1
70
87
52
2
140
101
26
37
221
38
11
243
347
46
51
39
197
47
154
15
887
92
4
6
69
3
67
31
30
12
177
109
19
83
164
57
7
10
1538
521
126
90
2
187
58
656
199
1
136
1
23
139
128
4
36
24
70
37
4
86
29
16
39
38
47
362
75
2
2
37
26
102
1
36
1
41
5
13
99
16
57
10
119
18
505
13
3
1
375
164
46
41
794
68
66
268
66
29
323
577
39
36
244
49
90
6
294
2
53
40
2
117
57
54
68
1
20
382
55
71
78
10
3
82
5
3690
94
46
181
255
82
38
514
2
20
27
35
37
3
28
381
7
5
100
67
24
112
5
148
53
51
19
31
260
29
65
633
34
1
45
29
132
61
29
1743
36
18
58
139
57
131
52
22
59
109
49
1
96
27
3
3
390
1
6
39
2969
911
254
57
9
2
68
78
129
27
35
33
1
50
206
529
375
110
71
50
82
18
10
406
28
108
89
42
191
8
12
39
40
122
50
1
318
104
2
17
25
22
8
129
22
924
10
48
26
40
51
115
60
42
18
54
50
101
7
47
62
88
17
42
27
9
675
3
22
12
38
32
17
37
6
81
30
281
62
53
16
3
2870
192
70
18
48
24
6
27
66
11
57
184
54
2
55
53
359
51
45
6
404
130
1
1
34
25
7
14
4
69
57
1
126
124
96
61
673
73
578
118
158
410
69
2
23
188
52
888
32
45
10
30
3024
183
90
44
146
12
187
1
5
9
73
3
822
16
25
2093
9
46
2
14
26
25
23
76
60
30
24
25
50
16
1
6
2
167
1
503
340
43
41
102
38
8
45
143
117
428
21
2
63
42
51
7
47
29
30
7
48
45
32
45
63
2
75
48
49
2
79
13
2
40
66
6
38
70
37
7
337
32
47
1434
38
35
3
29
179
9
34
27
4
368
15
33
54
3
1
34
7
91
65
69
109
1
643
2
73
86
190
12
79
19
38
110
6
25
88
17
2
4
27
108
122
76
25
40
8
72
2
59
38
64
18
1124
2
20
6
57
41
41
323
44
392
423
51
56
5
150
26
20
1
55
263
20
86
5
8
103
7
70
1
1
39
1
182
39
24
20
44
53
8
4
16
390
366
179
39
49
434
7
53
31
122
70
419
30
1
43
9
315
32
26
518
22
101
1
299
70
28
47
19
3696
2
27
3069
37
13
445
1
35
14
49
113
18
31
133
31
1
14
5
6
323
5
42
14
109
57
214
31
29
327
30
17
