0.04
0.057971014492753624
0.09350649350649351
0.12408906882591093
0.05726872246696035
0.10296225513616818
0.06043956043956044
0.15151515151515152
0.07969275084013443
0.09357997823721437
0.06666666666666667
0.029411764705882353
0.04918032786885246
0.0847457627118644
0.125
0.08823529411764706
0.09027777777777778
0.009345794392523364
0.08081791626095423
0.08394160583941605
0.5
0.020833333333333332
0.07947019867549669
0.0
0.06862745098039216
0.07017543859649122
0.0
0.0
0.1054945054945055
0.16
0.04
0.2
0.11764705882352941
0.10144927536231885
0.3333333333333333
0.04878048780487805
0.07317073170731707
0.0380952380952381
0.04411764705882353
0.1111111111111111
0.0784313725490196
0.5
0.04081632653061224
0.13559322033898305
0.029411764705882353
0.09226190476190477
0.1262135922330097
0.09328968903436989
0.0
0.0
0.05555555555555555
0.0958904109589041
0.05970149253731343
0.06037735849056604
0.0
0.08411214953271028
0.0
0.08247422680412371
0.08791208791208792
0.0893970893970894
0.08461538461538462
0.07272727272727272
0.04
0.12658227848101267
0.07692307692307693
0.05952380952380952
0.07142857142857142
0.07504078303425775
0.06542056074766354
0.07142857142857142
0.3333333333333333
0.07272727272727272
0.14814814814814814
0.019230769230769232
0.11864406779661017
0.07954545454545454
0.06349206349206349
0.2
0.08108108108108109
0.08333333333333333
0.16666666666666666
0.19298245614035087
0.07638402242466713
0.06060606060606061
0.03125
0.16666666666666666
0.0
0.08376963350785341
0.08108108108108109
0.07317073170731707
0.08074534161490683
0.08264462809917356
0.07692307692307693
0.07692307692307693
0.08888888888888889
0.05263157894736842
0.10643015521064302
0.0
0.1
0.09090909090909091
0.09993425378040763
0.08333333333333333
0.13636363636363635
0.07567567567567568
0.05
0.05687203791469194
0.08391608391608392
0.06666666666666667
0.1343042071197411
0.07575757575757576
0.125
0.11764705882352941
0.06947368421052631
0.375
0.08333333333333333
0.13333333333333333
0.057692307692307696
0.06910569105691057
0.07818930041152264
0.2222222222222222
0.12
0.09134615384615384
0.022222222222222223
0.08843537414965986
0.1038961038961039
0.0
0.16666666666666666
0.05785123966942149
0.04819277108433735
0.08333333333333333
0.14285714285714285
0.19444444444444445
0.16417910447761194
0.09433962264150944
0.08333333333333333
0.08333333333333333
0.08759124087591241
0.25
0.10336048879837068
0.02857142857142857
0.0
0.16666666666666666
0.07260726072607261
0.0
0.05555555555555555
0.5
0.12962962962962962
0.05555555555555555
0.25
0.044358727097396335
0.08300395256916997
0.057692307692307696
0.07692307692307693
0.09722222222222222
0.0851063829787234
0.08379888268156424
0.08108108108108109
0.05063291139240506
0.18518518518518517
0.07936507936507936
0.04201680672268908
0.06451612903225806
1.0
0.09302325581395349
0.0
0.07168458781362007
0.0589622641509434
0.05128205128205128
0.036585365853658534
0.04475043029259897
0.07894736842105263
0.3333333333333333
0.03278688524590164
0.019230769230769232
0.07622950819672131
0.0784313725490196
0.11764705882352941
0.034482758620689655
0.05714285714285714
0.0625
0.06588579795021962
0.09592034968431278
0.07936507936507936
0.059343434343434344
0.125
0.10412573673870335
0.06428571428571428
0.0
0.16216216216216217
0.06097560975609756
0.0
0.08196721311475409
0.07407407407407407
0.11764705882352941
0.021739130434782608
0.07088331515812432
0.18518518518518517
0.25
0.05555555555555555
0.06832298136645963
0.08438818565400844
0.07142857142857142
0.1836734693877551
0.0
0.0851063829787234
0.06862745098039216
0.09411764705882353
0.03278688524590164
0.25
0.03508771929824561
0.0
0.09090909090909091
0.08645161290322581
0.07539682539682539
0.1388888888888889
0.14814814814814814
0.07142857142857142
0.25
0.038461538461538464
0.05333333333333334
0.08695652173913043
0.10810810810810811
0.0
0.07407407407407407
0.5
0.2
0.25
0.5
0.05660377358490566
0.11864406779661017
0.10192837465564739
0.18181818181818182
0.10810810810810811
0.08376963350785341
0.16666666666666666
0.08450704225352113
0.058823529411764705
0.0
0.1111111111111111
0.03389830508474576
0.06910569105691057
0.12048192771084337
0.0827932260087811
0.04580152671755725
0.13157894736842105
0.3
0.10526315789473684
0.125
0.16666666666666666
0.26666666666666666
0.06451612903225806
0.0
0.05263157894736842
0.0
0.12186379928315412
0.09772617319787132
0.0
0.0
0.058823529411764705
0.1195079086115993
0.07692307692307693
0.10344827586206896
0.05982905982905983
0.09090909090909091
0.06818181818181818
0.05660377358490566
0.2
0.09333333333333334
0.0
0.05714285714285714
1.0
0.2647058823529412
0.09523809523809523
0.11949685534591195
0.14285714285714285
0.09218436873747494
0.05278592375366569
0.13636363636363635
0.075
0.08333333333333333
0.0
0.2222222222222222
0.08
0.05128205128205128
0.0
0.14035087719298245
1.0
0.046875
0.057971014492753624
0.0
0.16666666666666666
0.10666666666666667
0.09090909090909091
0.08163265306122448
0.10738255033557047
0.09433962264150944
0.09090909090909091
0.045
0.08823529411764706
0.08333333333333333
0.10423452768729642
0.05102040816326531
0.09032258064516129
0.12962962962962962
0.12698412698412698
0.09444444444444444
0.07927927927927927
0.11940298507462686
0.14285714285714285
0.0
0.15151515151515152
0.0626118067978533
0.1875
0.1111111111111111
0.2
0.07017543859649122
0.058655221745350504
0.08064516129032258
0.049107142857142856
0.17391304347826086
0.1111111111111111
0.06097560975609756
0.03333333333333333
0.3333333333333333
0.061224489795918366
0.1111111111111111
0.12169312169312169
0.0
0.07874015748031496
0.08842389470131623
0.1111111111111111
0.11666666666666667
0.09433962264150944
0.06382978723404255
0.02127659574468085
0.08378378378378379
0.09090909090909091
0.10204081632653061
0.05
0.038461538461538464
0.05982905982905983
0.0
0.08
0.0
0.0975609756097561
0.0
0.0
0.0859106529209622
0.0
0.03333333333333333
0.0
0.046511627906976744
0.05555555555555555
0.10526315789473684
0.11436950146627566
0.09915611814345991
0.09671532846715329
0.057692307692307696
0.04
0.07111111111111111
0.05555555555555555
0.08247422680412371
0.03333333333333333
0.09836065573770492
0.06666666666666667
0.043010752688172046
0.06
0.10606060606060606
0.03125
0.09183673469387756
0.05608974358974359
0.1125
0.3333333333333333
0.07818930041152264
0.0821917808219178
0.09090909090909091
0.0
0.23255813953488372
0.06930693069306931
0.0730593607305936
0.06818181818181818
0.2857142857142857
0.06578947368421052
0.08928571428571429
0.09090909090909091
0.02531645569620253
0.11811023622047244
0.25
0.1111111111111111
0.03225806451612903
0.15289256198347106
0.08943089430894309
0.045454545454545456
0.15789473684210525
0.08847184986595175
0.08932461873638345
0.05917159763313609
0.025
0.5
0.07692307692307693
0.2857142857142857
0.05263157894736842
0.3076923076923077
0.04285714285714286
0.3125
0.3333333333333333
0.06
0.06349206349206349
0.049358819259617714
0.025
0.19117647058823528
0.0
0.1111111111111111
0.07792207792207792
0.28125
0.0
0.08196721311475409
0.25
0.5
0.05405405405405406
0.07936507936507936
0.05714285714285714
0.1404513304142809
0.06666666666666667
0.07412060301507538
0.057692307692307696
0.11594202898550725
0.20833333333333334
0.11764705882352941
0.07692307692307693
0.0
0.06666666666666667
0.024390243902439025
0.12345679012345678
0.07547169811320754
0.07317073170731707
0.1267605633802817
0.09734513274336283
0.030927835051546393
0.04477611940298507
0.07181136120042872
0.0547945205479452
0.1276595744680851
0.06382978723404255
0.08391608391608392
0.014285714285714285
0.06976744186046512
0.06808510638297872
0.03225806451612903
0.05333333333333334
0.09183673469387756
0.06837606837606838
0.03773584905660377
0.0
0.0
0.08064516129032258
0.022727272727272728
0.029411764705882353
0.0
0.11538461538461539
0.0
0.13513513513513514
0.06493506493506493
0.10256410256410256
0.0
0.1232876712328767
0.06015037593984962
0.16666666666666666
0.08108108108108109
0.10526315789473684
0.059880239520958084
0.1326530612244898
0.0425531914893617
0.1282051282051282
0.05813953488372093
0.05405405405405406
0.14912280701754385
0.0
0.08035714285714286
0.075
0.06451612903225806
0.0860655737704918
0.25
0.05
0.0
0.08333333333333333
0.02702702702702703
0.10714285714285714
0.11475409836065574
0.10810810810810811
0.0
0.0975609756097561
0.168141592920354
0.18181818181818182
0.10714285714285714
0.13953488372093023
0.09090909090909091
0.17391304347826086
0.1282051282051282
0.0761904761904762
0.06951871657754011
0.1218274111675127
0.0
0.05
0.10843373493975904
0.08411214953271028
0.19444444444444445
0.078125
0.04807692307692308
0.056338028169014086
0.1
0.07792207792207792
0.0975609756097561
0.058823529411764705
0.06
0.07853403141361257
0.06779661016949153
0.05517241379310345
0.0975609756097561
0.11764705882352941
0.17307692307692307
0.2727272727272727
0.0847457627118644
0.1625
0.04054054054054054
0.1111111111111111
0.05970149253731343
0.20454545454545456
0.043478260869565216
0.13725490196078433
0.059322033898305086
0.023255813953488372
0.1794871794871795
1.0
0.14285714285714285
0.06267806267806268
0.03389830508474576
0.11538461538461539
0.07692307692307693
0.14285714285714285
0.12345679012345678
0.11206896551724138
0.10377358490566038
0.0
0.08672086720867209
0.09523809523809523
0.04938271604938271
0.06
0.10714285714285714
0.13333333333333333
0.058823529411764705
0.13636363636363635
0.12857142857142856
0.06153846153846154
0.04395604395604396
0.11578947368421053
0.13333333333333333
0.0851063829787234
0.08
0.06796116504854369
0.08695652173913043
0.5
0.07894736842105263
0.021739130434782608
0.11363636363636363
0.1016949152542373
0.09814323607427056
0.10975609756097561
0.14285714285714285
0.0977112676056338
0.07291666666666667
0.06504065040650407
0.11952191235059761
0.08163265306122448
0.08450704225352113
0.14285714285714285
0.1875
0.16216216216216217
0.12087912087912088
0.14754098360655737
0.06097560975609756
0.08641975308641975
0.043478260869565216
0.12857142857142856
0.09543010752688172
0.5
0.1111111111111111
0.10476190476190476
0.1259259259259259
0.017857142857142856
0.08823529411764706
0.07166123778501629
0.5
0.058823529411764705
0.08333333333333333
0.07926829268292683
0.17073170731707318
0.05555555555555555
0.045454545454545456
0.05102040816326531
0.16279069767441862
0.09042553191489362
1.0
0.08333333333333333
0.3333333333333333
0.35
0.3333333333333333
0.045454545454545456
0.10714285714285714
0.10619469026548672
0.08536585365853659
0.09090909090909091
0.12345679012345678
0.08450704225352113
0.12330316742081449
0.5
0.1111111111111111
0.10810810810810811
0.0
0.12380952380952381
0.0
0.0
0.07462686567164178
0.0
0.11428571428571428
0.08837209302325581
0.13385826771653545
0.043478260869565216
0.0
0.2631578947368421
0.030303030303030304
0.0
0.08292682926829269
0.17391304347826086
0.0
0.05675675675675676
0.047619047619047616
0.13333333333333333
0.3076923076923077
0.12121212121212122
0.14558823529411766
0.09102730819245773
0.13793103448275862
0.1111111111111111
0.1111111111111111
0.1291759465478842
0.0
0.1111111111111111
0.0
0.07272727272727272
0.0967741935483871
0.096045197740113
0.0
0.07894736842105263
0.10256410256410256
0.06779661016949153
0.08695652173913043
0.125
0.0
0.020833333333333332
0.27586206896551724
0.06707317073170732
0.10697674418604651
0.5
0.09345794392523364
0.10303030303030303
0.04225352112676056
0.041666666666666664
0.10179640718562874
0.25
0.1
0.0918918918918919
0.0
0.05952380952380952
0.22727272727272727
0.0967741935483871
0.0967741935483871
0.0707070707070707
0.125
0.17073170731707318
0.15
0.08536585365853659
0.0
0.1
0.015151515151515152
0.13513513513513514
0.1
0.13934426229508196
0.07547169811320754
0.07407407407407407
0.05555555555555555
0.07035175879396985
0.09615384615384616
0.059665871121718374
0.051470588235294115
0.09523809523809523
0.11304347826086956
0.06451612903225806
0.14925373134328357
0.02631578947368421
0.05214723926380368
0.08823529411764706
0.22
0.05564387917329094
0.05504587155963303
0.06382978723404255
0.06944444444444445
0.3333333333333333
0.13043478260869565
0.14285714285714285
0.06857142857142857
0.12857142857142856
0.13478486262312078
0.08463541666666667
0.05970149253731343
0.0898716119828816
0.10763209393346379
0.11089494163424124
0.1282051282051282
0.3333333333333333
0.08333333333333333
0.12698412698412698
0.25
0.0
0.0
0.06542056074766354
0.0
0.04878048780487805
0.25
0.125
0.061855670103092786
0.030303030303030304
0.0821917808219178
0.1
0.09411764705882353
0.12195121951219512
0.07971014492753623
0.0
0.03773584905660377
0.10666666666666667
0.13114754098360656
0.07009345794392523
0.13157894736842105
0.020202020202020204
0.25
0.07575757575757576
0.25
0.10714285714285714
0.08641975308641975
0.11494252873563218
0.18181818181818182
0.03508771929824561
0.075
0.0978613968597726
0.13725490196078433
0.12307692307692308
0.0
0.050314465408805034
0.13333333333333333
0.11320754716981132
0.0625
0.0967741935483871
0.09090909090909091
0.06329113924050633
0.14772727272727273
0.08695652173913043
0.09227871939736347
0.047619047619047616
0.0
0.1111111111111111
0.10714285714285714
0.0
0.23076923076923078
0.14583333333333334
0.14705882352941177
0.07207207207207207
1.0
0.1
0.14634146341463414
0.11538461538461539
0.0
0.060948081264108354
0.06763285024154589
0.17777777777777778
0.03225806451612903
0.127208480565371
0.07446808510638298
0.09859154929577464
0.2608695652173913
0.07211538461538461
0.25
0.10819672131147541
0.25
0.04643962848297214
0.10638297872340426
1.0
0.05660377358490566
0.21428571428571427
0.07142857142857142
0.0967741935483871
0.09230769230769231
0.11827956989247312
0.11538461538461539
0.14285714285714285
0.18181818181818182
0.375
0.12365591397849462
0.06451612903225806
0.20930232558139536
0.0
0.12
0.08
0.0875
0.11267605633802817
0.038461538461538464
0.07865168539325842
0.25
0.1323529411764706
0.14018691588785046
0.0759493670886076
0.037037037037037035
0.18181818181818182
0.16981132075471697
0.07853403141361257
0.07692307692307693
0.10526315789473684
0.04878048780487805
0.13333333333333333
0.08108108108108109
0.05714285714285714
0.0
0.07865168539325842
0.109375
0.16666666666666666
0.2857142857142857
0.14285714285714285
0.10690423162583519
0.07407407407407407
0.07547169811320754
1.0
0.08333333333333333
0.075
0.04838709677419355
0.0
0.4
0.05970149253731343
0.06748466257668712
0.3333333333333333
0.10640145922001217
0.07326007326007326
0.09900990099009901
0.09183673469387756
0.23529411764705882
0.14285714285714285
0.11377245508982035
0.25
0.07692307692307693
0.07142857142857142
0.15705765407554673
0.07317073170731707
0.07799442896935933
0.0273972602739726
0.19047619047619047
0.1111111111111111
0.11842105263157894
0.028169014084507043
0.06756756756756757
0.19047619047619047
0.05102040816326531
0.2
0.07692307692307693
0.5
0.078125
0.19444444444444445
0.034482758620689655
0.061946902654867256
0.16666666666666666
0.08547008547008547
0.05263157894736842
0.18181818181818182
0.06224066390041494
0.07272727272727272
0.2
0.18
0.12
0.07142857142857142
0.0
0.15447154471544716
0.1111111111111111
0.08168316831683169
0.1724137931034483
0.07608695652173914
0.25
0.1568627450980392
0.07142857142857142
0.056910569105691054
0.09090909090909091
0.08547008547008547
0.1044776119402985
0.16666666666666666
0.19444444444444445
0.08571428571428572
0.11494252873563218
0.3333333333333333
1.0
0.14666666666666667
0.125
0.09320695102685624
0.0958904109589041
0.075
0.16666666666666666
0.12389380530973451
0.05
0.0963855421686747
0.13636363636363635
0.0
0.04918032786885246
0.05263157894736842
0.25
0.17525773195876287
0.1124031007751938
0.06678082191780822
0.18604651162790697
0.1194572328567967
0.07714285714285714
0.5
0.2903225806451613
0.2
0.06666666666666667
0.15384615384615385
0.14012738853503184
1.0
0.18181818181818182
0.0625
0.07142857142857142
0.09090909090909091
0.08
0.14661654135338345
0.2631578947368421
0.07453416149068323
0.15151515151515152
0.07407407407407407
0.21333333333333335
0.16666666666666666
0.1111111111111111
0.041237113402061855
0.0273972602739726
0.14173228346456693
0.04611650485436893
0.10679611650485436
0.09467455621301775
0.11290322580645161
0.15151515151515152
0.28
0.0
0.25
0.17777777777777778
0.0
0.12315270935960591
0.06896551724137931
0.08333333333333333
0.12307692307692308
0.13333333333333333
0.11786372007366483
0.09375
0.09259259259259259
0.06896551724137931
0.2857142857142857
0.2631578947368421
0.08045977011494253
0.15384615384615385
0.14285714285714285
0.08181818181818182
0.05
0.125
0.06578947368421052
0.08928571428571429
0.2
0.09523809523809523
0.0
0.10526315789473684
0.07246376811594203
0.17391304347826086
0.08387096774193549
0.015625
0.125
1.0
0.09090909090909091
0.125
0.03125
0.08108108108108109
0.38461538461538464
0.17647058823529413
0.10869565217391304
0.2727272727272727
0.2
0.0
0.06493506493506493
0.0927960927960928
0.21739130434782608
0.07920792079207921
0.0
0.058823529411764705
0.08869814020028613
0.125
0.06666666666666667
0.06572645023948909
0.08771929824561403
0.0449438202247191
1.0
0.1036036036036036
0.16666666666666666
0.28
0.05813953488372093
0.2571428571428571
0.0
0.2727272727272727
0.14084507042253522
0.10869565217391304
0.0
0.16129032258064516
0.06153846153846154
0.12280701754385964
0.08771929824561403
0.1487603305785124
0.2
0.08130081300813008
0.11688311688311688
0.0
0.16393442622950818
0.1694915254237288
0.18461538461538463
0.08860759493670886
0.12121212121212122
0.10975609756097561
0.05084745762711865
0.0896551724137931
0.2
0.13068181818181818
0.08280254777070063
0.06631927996210327
0.03571428571428571
0.15
0.17777777777777778
0.1111111111111111
0.07792207792207792
0.05
0.09090909090909091
0.10810810810810811
0.05527638190954774
0.0
0.1
0.16666666666666666
0.06853582554517133
0.07692307692307693
0.25
0.08029197080291971
0.3333333333333333
0.16
0.06147540983606557
0.16666666666666666
0.1111111111111111
0.16129032258064516
0.13370473537604458
0.0
0.16037735849056603
0.1037037037037037
0.1232876712328767
0.06015037593984962
0.053763440860215055
0.11320754716981132
0.1111111111111111
0.11645422943221322
0.1590909090909091
0.05962059620596206
0.10884353741496598
0.14285714285714285
1.0
0.16216216216216217
0.07106598984771574
0.03787878787878788
0.09480122324159021
0.2857142857142857
0.053475935828877004
0.05660377358490566
0.05714285714285714
0.0
0.16
0.14619883040935672
0.10256410256410256
1.0
0.0
0.10902255639097744
0.12389380530973451
0.07692307692307693
0.15384615384615385
0.09615384615384616
0.08018867924528301
0.5
0.08461538461538462
0.058823529411764705
0.25
0.6666666666666666
0.0
0.10227272727272728
0.05217391304347826
0.15
0.25
0.5
0.024390243902439025
0.0821917808219178
0.0967741935483871
0.5
0.5
0.09433962264150944
0.15555555555555556
0.10075566750629723
0.06557377049180328
0.07789473684210527
0.06349206349206349
0.21052631578947367
0.0784313725490196
0.125
0.05434782608695652
0.05714285714285714
