0.5416666666666666
0.08333333333333333
1.0833333333333333
0.08333333333333333
1.0833333333333333
0.125
1.0
0.9583333333333334
0.25
0.20833333333333334
0.0
1.0416666666666667
2.875
0.6666666666666666
0.041666666666666664
5.541666666666667
1.2083333333333333
6.291666666666666
0.5416666666666666
1.1666666666666667
0.0
0.25
2.229166666666667
0.041666666666666664
1.625
1.0833333333333333
0.0
0.041666666666666664
0.08333333333333333
0.5833333333333333
7.0
0.0
5.208333333333333
0.041666666666666664
0.0
4.083333333333333
0.8333333333333334
2.125
0.875
0.22916666666666669
0.2916666666666667
0.0
5.416666666666666
7.791666666666666
2.666666666666667
0.041666666666666664
3.4583333333333335
0.875
0.041666666666666664
0.08333333333333333
0.14583333333333331
1.5
1.0
1.8333333333333333
0.0
2.375
0.0
1.6458333333333333
7.020833333333333
0.5416666666666666
1.0416666666666667
2.354166666666667
7.208333333333333
1.1666666666666667
0.041666666666666664
0.3125
2.875
0.2916666666666667
4.333333333333333
3.8125
0.8333333333333334
11.6875
0.16666666666666666
8.833333333333334
8.916666666666666
4.791666666666667
0.9791666666666667
0.125
8.0
0.2916666666666667
0.041666666666666664
0.6666666666666666
0.16666666666666666
1.375
2.9375
6.916666666666667
0.041666666666666664
0.875
0.9583333333333334
3.9791666666666665
3.0416666666666665
3.2083333333333335
4.041666666666667
1.1875
0.25
3.6666666666666665
0.625
0.0
0.08333333333333333
3.9583333333333335
0.20833333333333334
2.354166666666667
1.125
0.6666666666666666
8.916666666666666
2.770833333333333
1.3333333333333335
0.1875
0.2916666666666667
1.0
0.125
2.875
0.625
0.0
8.666666666666668
1.875
6.208333333333334
1.125
0.08333333333333333
0.0
1.9375
1.2916666666666667
10.6875
3.125
4.354166666666667
0.16666666666666666
1.9583333333333333
1.2083333333333333
3.1666666666666665
6.333333333333333
0.0
1.8333333333333333
2.8333333333333335
5.3125
6.770833333333333
1.7916666666666667
1.9583333333333333
0.020833333333333332
0.125
9.458333333333332
0.041666666666666664
0.9791666666666667
1.125
0.2916666666666667
5.75
0.0
6.895833333333334
8.208333333333334
0.041666666666666664
0.16666666666666666
0.3333333333333333
3.0833333333333335
0.5
1.3125
6.875
1.625
4.833333333333333
2.541666666666667
0.7916666666666667
6.125
1.0
3.791666666666667
0.0
3.979166666666667
0.7708333333333333
0.875
0.7916666666666666
2.7916666666666665
1.2083333333333333
0.7083333333333334
0.9166666666666666
0.0
6.75
1.0416666666666667
0.25
3.375
0.08333333333333333
2.625
2.0833333333333335
0.9583333333333333
0.7083333333333334
0.08333333333333333
7.583333333333333
0.375
0.041666666666666664
0.8333333333333334
1.9166666666666667
0.041666666666666664
0.08333333333333333
7.916666666666667
0.9583333333333334
3.25
0.8333333333333334
0.7916666666666667
4.270833333333334
0.5
1.375
0.08333333333333333
0.0
2.708333333333333
0.6666666666666666
7.166666666666666
0.041666666666666664
1.0833333333333333
3.041666666666667
2.5
1.625
3.25
0.041666666666666664
3.7916666666666665
0.14583333333333331
5.916666666666667
0.375
0.9583333333333334
0.0
9.125
6.666666666666667
0.0625
8.291666666666666
5.541666666666666
6.125
1.2083333333333333
0.041666666666666664
2.2083333333333335
0.0
0.0
0.041666666666666664
0.041666666666666664
4.645833333333334
1.4791666666666665
0.9583333333333334
0.08333333333333333
0.041666666666666664
1.5833333333333335
0.5833333333333334
0.25
0.041666666666666664
0.041666666666666664
0.6666666666666667
3.1875
1.4583333333333333
0.9583333333333333
0.041666666666666664
1.2083333333333333
4.541666666666667
0.0
6.979166666666667
0.0
0.125
0.041666666666666664
4.479166666666666
0.0
4.666666666666667
1.0
1.0416666666666667
0.16666666666666666
0.0
0.0
4.8125
0.16666666666666666
5.020833333333333
1.7916666666666665
3.3333333333333335
0.0
0.8541666666666667
1.5833333333333333
0.041666666666666664
1.25
0.0
3.0
0.0
4.416666666666667
5.1875
0.3333333333333333
0.4166666666666667
0.375
1.125
0.9583333333333334
6.083333333333333
4.4375
0.4166666666666667
0.0
0.9583333333333334
4.6875
0.041666666666666664
4.9375
0.20833333333333334
6.583333333333333
6.020833333333333
0.5416666666666666
0.3333333333333333
0.20833333333333334
0.7916666666666666
1.9583333333333335
1.2083333333333333
6.645833333333334
1.9583333333333333
1.3333333333333333
3.8333333333333335
0.45833333333333337
0.2916666666666667
3.5833333333333335
1.7083333333333333
1.7083333333333333
4.833333333333333
1.5
0.125
4.4375
1.3125
0.0
2.9166666666666665
0.125
0.0
0.16666666666666666
0.7916666666666666
3.479166666666667
0.5
3.208333333333333
1.7083333333333333
2.4583333333333335
0.0
0.7916666666666666
2.5833333333333335
0.0625
1.0416666666666667
0.27083333333333337
0.6666666666666666
0.0
3.5416666666666665
0.041666666666666664
0.041666666666666664
2.5
0.5416666666666666
5.8125
8.791666666666668
0.9166666666666666
4.104166666666667
2.416666666666667
0.8125
0.20833333333333334
3.520833333333333
0.0
4.1875
0.0
0.4166666666666667
0.5416666666666666
0.0
1.0416666666666667
0.0
6.145833333333333
0.0
2.0833333333333335
3.8333333333333335
0.25
0.75
0.75
0.2916666666666667
5.208333333333333
0.0
1.0416666666666667
2.5416666666666665
1.0416666666666667
4.5
4.916666666666667
0.8333333333333334
4.25
3.5416666666666665
5.916666666666666
1.0416666666666667
0.08333333333333333
0.3333333333333333
0.875
0.0
0.08333333333333333
2.2916666666666665
0.875
3.520833333333333
4.145833333333333
1.1041666666666665
1.2916666666666667
1.5833333333333333
0.0
0.75
2.041666666666667
0.4166666666666667
1.0
0.7916666666666666
0.0
0.041666666666666664
0.041666666666666664
0.8958333333333333
0.375
6.145833333333333
0.0
0.16666666666666666
0.5416666666666666
0.625
2.8541666666666665
0.08333333333333333
0.041666666666666664
0.0
1.0
0.0
3.270833333333333
0.041666666666666664
0.0
4.708333333333333
3.2916666666666665
0.0
5.541666666666667
0.625
0.041666666666666664
0.16666666666666666
0.375
0.041666666666666664
0.0
4.666666666666667
0.0
0.0
0.125
1.5625
0.125
0.041666666666666664
1.5416666666666667
0.5
3.875
0.5833333333333334
0.20833333333333334
0.29166666666666663
0.375
0.25
0.9166666666666666
2.770833333333333
2.9166666666666665
6.791666666666666
4.0
4.645833333333334
0.2916666666666667
2.125
0.5833333333333334
0.4166666666666667
1.2083333333333333
7.333333333333333
2.4375
2.9583333333333335
1.7083333333333333
0.041666666666666664
0.8333333333333333
5.5
1.125
0.5
3.25
6.791666666666666
0.041666666666666664
0.0
1.125
3.125
4.916666666666666
0.8333333333333334
2.25
1.0
0.6666666666666666
6.020833333333334
2.2083333333333335
0.0
6.3125
3.5416666666666665
0.041666666666666664
2.5416666666666665
5.833333333333333
1.7916666666666667
0.5625
4.541666666666666
1.8125
0.041666666666666664
6.416666666666667
1.5625
0.0
2.0416666666666665
4.291666666666667
1.7916666666666667
1.125
0.08333333333333333
0.8333333333333334
0.7083333333333334
6.833333333333334
3.875
0.125
0.041666666666666664
4.5625
0.6666666666666667
1.125
2.0
0.7916666666666666
1.7083333333333333
0.25
2.875
0.041666666666666664
3.75
1.2083333333333333
0.39583333333333337
1.0833333333333333
1.0833333333333333
3.0833333333333335
0.9166666666666666
2.0
1.0
5.583333333333333
3.1666666666666665
5.958333333333333
0.9583333333333334
0.9375
1.9166666666666667
5.125
6.291666666666667
0.9583333333333334
6.166666666666667
1.2916666666666667
5.125
0.10416666666666666
1.1666666666666667
0.0625
2.0
0.16666666666666666
1.0
2.3541666666666665
0.5833333333333334
5.708333333333333
1.3333333333333333
1.5833333333333333
3.020833333333333
2.875
4.645833333333334
0.0
0.041666666666666664
0.8958333333333333
1.8333333333333333
1.7083333333333333
3.875
0.0
0.8333333333333334
1.1458333333333335
1.6458333333333335
0.0
0.5416666666666666
0.8333333333333334
2.9166666666666665
4.333333333333333
3.5
3.2083333333333335
3.9166666666666665
0.08333333333333333
3.083333333333333
0.16666666666666666
0.9791666666666667
3.375
0.625
2.229166666666667
0.0
1.5
0.5416666666666666
0.041666666666666664
0.16666666666666669
1.9583333333333333
0.7916666666666666
6.8125
0.5416666666666666
1.5416666666666667
1.2708333333333335
0.16666666666666666
2.75
0.08333333333333333
0.5208333333333333
5.416666666666667
2.5833333333333335
0.0
0.041666666666666664
0.875
1.5416666666666665
3.6666666666666665
1.625
0.9166666666666666
4.833333333333333
1.2916666666666667
0.27083333333333337
0.6666666666666666
0.20833333333333334
2.25
0.3333333333333333
2.791666666666667
0.7083333333333334
0.125
0.0
0.0
1.25
1.4166666666666667
3.625
1.2291666666666665
5.125
1.9375
2.75
1.3541666666666665
0.0
3.5833333333333335
0.041666666666666664
0.0
0.8333333333333334
0.4583333333333333
0.041666666666666664
2.1875
2.0
1.6666666666666667
1.125
1.1666666666666667
0.25
0.8333333333333334
0.041666666666666664
1.5
0.08333333333333333
0.1875
0.041666666666666664
0.0
6.083333333333333
0.5
0.0
0.75
1.4583333333333333
0.20833333333333334
0.041666666666666664
0.0
2.0833333333333335
0.041666666666666664
0.6666666666666666
0.0
0.041666666666666664
0.5
1.1458333333333335
0.9583333333333334
0.20833333333333334
0.9166666666666666
0.16666666666666666
0.125
1.0
1.8958333333333335
0.3958333333333333
0.3333333333333333
0.08333333333333333
0.0
0.0
3.25
3.125
0.20833333333333334
0.0
0.9583333333333334
5.041666666666666
1.8333333333333333
0.041666666666666664
2.0416666666666665
0.0
1.9583333333333333
2.708333333333333
1.8958333333333335
0.08333333333333333
0.041666666666666664
0.7916666666666666
0.125
2.1666666666666665
3.2083333333333335
0.25
0.0
1.1666666666666665
0.9583333333333334
0.041666666666666664
0.375
0.0
2.770833333333333
0.041666666666666664
2.4583333333333335
0.041666666666666664
0.8333333333333333
0.7291666666666667
0.875
2.9583333333333335
0.041666666666666664
0.08333333333333333
0.16666666666666666
0.9166666666666666
2.4166666666666665
1.9166666666666667
0.7708333333333333
4.083333333333333
1.0
5.083333333333334
0.20833333333333334
1.7708333333333335
2.125
1.7916666666666667
2.9583333333333335
0.375
0.4583333333333333
0.9583333333333334
1.2708333333333335
2.0625
0.25
0.041666666666666664
1.7083333333333333
4.708333333333334
0.0
0.75
1.5208333333333335
0.16666666666666666
1.375
0.08333333333333333
0.20833333333333334
0.041666666666666664
0.3333333333333333
0.4166666666666667
0.4583333333333333
2.5625
0.041666666666666664
0.9166666666666666
0.75
0.0
0.75
0.041666666666666664
0.6041666666666667
0.125
3.8333333333333335
0.0
0.0
0.16666666666666666
0.7916666666666667
0.5833333333333334
0.20833333333333334
0.5
1.125
1.7916666666666667
2.625
0.20833333333333334
2.666666666666667
0.5416666666666666
0.4583333333333333
1.0
1.9583333333333333
0.0
0.9583333333333333
0.08333333333333333
3.083333333333333
1.75
2.8333333333333335
0.020833333333333332
2.8958333333333335
1.25
0.0
0.0
2.2083333333333335
0.16666666666666666
1.1458333333333335
0.5208333333333333
0.625
2.0416666666666665
1.375
0.0
0.9583333333333334
0.6666666666666666
1.0833333333333333
0.20833333333333334
1.9166666666666667
0.041666666666666664
2.625
0.0
0.041666666666666664
0.0
0.4583333333333333
2.9166666666666665
0.9166666666666666
0.0
0.20833333333333334
1.2291666666666665
4.4375
0.08333333333333333
0.375
0.7083333333333334
4.0625
2.958333333333333
0.16666666666666666
1.8333333333333333
0.0
0.0
0.4583333333333333
0.0
0.625
0.0
0.2916666666666667
0.25
0.0
2.104166666666667
0.08333333333333333
2.020833333333333
1.8125
0.625
2.125
0.5
0.041666666666666664
0.47916666666666663
0.041666666666666664
0.9166666666666666
5.208333333333334
0.16666666666666666
0.0
3.2083333333333335
3.2916666666666665
0.20833333333333334
1.0
3.0833333333333335
3.125
0.0
0.041666666666666664
0.16666666666666666
2.5833333333333335
0.041666666666666664
0.0
0.125
0.041666666666666664
0.041666666666666664
0.47916666666666663
1.1458333333333333
0.08333333333333333
1.125
0.08333333333333333
0.020833333333333332
1.8541666666666665
1.75
0.0
0.875
0.9583333333333334
0.3333333333333333
0.125
2.0625
0.8333333333333334
1.0416666666666667
0.041666666666666664
0.875
0.041666666666666664
0.041666666666666664
1.3333333333333333
1.2708333333333335
0.08333333333333333
0.0
0.375
0.9791666666666667
0.3125
0.5625
0.08333333333333333
0.4166666666666667
0.0
0.7083333333333333
0.0
0.20833333333333334
2.083333333333333
0.2916666666666667
1.1875
0.0625
1.3333333333333333
1.7708333333333335
0.0
0.20833333333333334
1.0
1.7916666666666667
0.35416666666666663
0.4583333333333333
0.0
0.7916666666666666
0.2916666666666667
0.25
1.1666666666666667
0.041666666666666664
0.4375
3.5416666666666665
0.0
0.7916666666666666
2.8125
0.9583333333333334
2.041666666666667
0.3333333333333333
2.0
0.0
0.5
0.625
0.041666666666666664
0.25
1.2916666666666665
0.75
3.25
0.4166666666666667
0.5
0.9166666666666667
1.3333333333333333
0.375
0.0
0.041666666666666664
0.08333333333333333
2.375
0.25
0.4583333333333333
0.08333333333333333
0.75
0.08333333333333333
0.5
0.9375
0.20833333333333334
1.125
0.4583333333333333
0.041666666666666664
0.0
0.0
1.0
0.041666666666666664
0.7708333333333333
0.3333333333333333
0.20833333333333334
0.25
0.08333333333333333
0.0
0.25
0.0
0.0
0.0
0.041666666666666664
0.041666666666666664
0.125
0.0
0.0
0.0
0.0
1.0
1.6666666666666665
0.47916666666666663
0.0
0.7083333333333334
0.041666666666666664
1.375
1.6666666666666667
0.041666666666666664
0.7916666666666666
0.22916666666666669
2.4166666666666665
0.08333333333333333
0.35416666666666663
0.8333333333333334
0.4166666666666667
0.20833333333333334
0.16666666666666666
0.0
0.0
0.7916666666666666
0.08333333333333333
0.041666666666666664
0.6666666666666666
0.7083333333333334
0.9791666666666667
0.7083333333333334
0.08333333333333333
0.20833333333333334
0.125
0.4375
0.0
0.0
0.08333333333333333
1.4375
0.041666666666666664
1.0
0.5833333333333334
0.5833333333333334
0.0
0.25
1.9375
3.2083333333333335
0.08333333333333333
0.14583333333333331
0.020833333333333332
2.0833333333333335
0.5833333333333333
0.5833333333333334
1.5
0.125
0.75
0.0
1.0416666666666667
0.16666666666666666
1.9166666666666667
0.08333333333333333
0.0
0.08333333333333333
0.0
0.0
0.08333333333333333
0.20833333333333334
0.125
0.041666666666666664
2.0833333333333335
0.041666666666666664
0.8333333333333334
0.125
0.0
0.41666666666666663
0.041666666666666664
0.625
0.20833333333333334
0.0
0.625
0.7083333333333334
0.0
1.2708333333333335
0.125
0.9583333333333334
0.041666666666666664
0.22916666666666669
2.0416666666666665
0.9583333333333334
1.75
0.8333333333333334
0.5
1.8333333333333333
0.4583333333333333
0.0
0.16666666666666666
0.625
0.2916666666666667
0.20833333333333334
0.9583333333333334
0.4166666666666667
0.4166666666666667
0.020833333333333332
0.20833333333333334
2.0
0.3125
0.9583333333333334
0.25
0.25
0.0
0.16666666666666666
0.08333333333333333
0.5416666666666666
0.0
0.875
0.041666666666666664
0.35416666666666663
0.875
0.041666666666666664
0.0
0.5
0.0
0.041666666666666664
0.08333333333333333
0.0
0.2916666666666667
0.041666666666666664
0.9166666666666666
0.375
0.0
0.125
0.25
0.08333333333333333
0.0
0.9166666666666666
0.16666666666666666
0.0
0.125
1.1041666666666667
1.0
0.0625
0.0
0.5416666666666666
0.08333333333333333
0.08333333333333333
0.0
0.0
0.08333333333333333
0.4166666666666667
0.041666666666666664
0.20833333333333334
0.041666666666666664
0.08333333333333333
0.20833333333333334
0.125
0.0
0.7916666666666666
0.08333333333333333
0.08333333333333333
0.041666666666666664
0.0
0.4166666666666667
0.041666666666666664
0.0
0.08333333333333333
0.20833333333333334
0.08333333333333333
0.041666666666666664
0.125
0.041666666666666664
0.041666666666666664
0.0
0.0
0.16666666666666666
0.2916666666666667
0.14583333333333331
0.041666666666666664
0.0
0.041666666666666664
0.375
0.0
0.0
0.0
0.041666666666666664
0.16666666666666666
0.041666666666666664
0.6458333333333333
0.041666666666666664
0.0
0.0
0.08333333333333333
0.08333333333333333
0.041666666666666664
0.0
