2.727272727272727
5.530405405405405
2.3492063492063493
3.7916666666666665
5.340425531914893
2.888888888888889
2.4571428571428573
2.5
4.666666666666667
2.6153846153846154
3.2739726027397262
2.2051282051282053
1.6770833333333333
4.533333333333333
2.736842105263158
2.5142857142857142
1.2857142857142858
2.074074074074074
2.9166666666666665
2.7906976744186047
2.3636363636363638
2.3703703703703702
2.1944444444444446
2.8974358974358974
1.6666666666666667
4.571428571428571
2.326424870466321
1
5.833333333333333
2.5106382978723403
1.6666666666666667
2
2.157303370786517
4.653846153846154
3.4107142857142856
2.526315789473684
2.466666666666667
1.6428571428571428
2.652173913043478
3.0851063829787235
2.630434782608696
4.108910891089109
2.6
1.8717948717948718
2.788732394366197
2.4705882352941178
3
3.9615384615384617
2.4106280193236715
2.411764705882353
2.4791666666666665
3
3.6538461538461537
2.6666666666666665
2.4310344827586206
3.090909090909091
2.4622641509433962
2.213235294117647
3.72
3.4074074074074074
7.5
4.872727272727273
2.0625
1.5714285714285714
2.1818181818181817
2.380952380952381
2.037974683544304
4.2727272727272725
4.1
1.8888888888888888
3.7613636363636362
2.975206611570248
2.125
10.321428571428571
2.526315789473684
2.684729064039409
3.8706896551724137
2.3333333333333335
2.3
3.261904761904762
3.1
4.005649717514125
1.9473684210526316
5
2.6166666666666667
3.2
4.84
3.3333333333333335
3
2.25
3.802919708029197
4.166666666666667
2.1147540983606556
2.5714285714285716
2.4
3
2.6296296296296298
3.5609756097560976
2.968152866242038
5.205128205128205
3
2.577777777777778
2.272727272727273
4.225806451612903
3.1707317073170733
3
1.3518518518518519
2.8
2
2.1630434782608696
1.7169811320754718
4.029850746268656
2.5
2.2222222222222223
3.0588235294117645
2.4285714285714284
6.8125
2.588235294117647
2
2.3333333333333335
3.861111111111111
2
4.588785046728972
2.683333333333333
3
3.2783505154639174
2.197530864197531
2.4764621968616263
2.156862745098039
1
3.206896551724138
1.9636363636363636
2.2564102564102564
2.375
3.3756345177664975
3.098360655737705
2
3.0730593607305936
2
4.191489361702128
3.6296296296296298
1.391304347826087
4
2.0952380952380953
4.333333333333333
2.4444444444444446
2.353846153846154
2.4285714285714284
3.670886075949367
2.9166666666666665
2.6
3.4375
2
1.9285714285714286
3.875
3.0714285714285716
5.620253164556962
1.0106382978723405
3.2467532467532467
3.4545454545454546
1.9444444444444444
3.1666666666666665
3.3620689655172415
2.6527777777777777
2.3333333333333335
1.1666666666666667
4.899159663865547
5.887096774193548
3
2.736842105263158
1.7857142857142858
7.95
2.6216216216216215
2.9411764705882355
3.5
2.75
2.7903225806451615
2.473684210526316
2.6666666666666665
2.2285714285714286
2.6666666666666665
2
3.2666666666666666
2
4.824324324324325
4.333333333333333
1.4095238095238096
2.2136222910216716
4.857142857142857
2.9210526315789473
1.3555555555555556
3.4444444444444446
2.142857142857143
2.8828828828828827
2.5833333333333335
2.2875
3.8863636363636362
1.9375
2.6666666666666665
3.3333333333333335
3.857142857142857
3.2205882352941178
1.6296296296296295
2.25
2.65
3.359375
1.8
2.6
2.6
1.8076923076923077
2
3.2
2.35
1.75
1.8181818181818181
2.6031746031746033
1.25
2.8275862068965516
2
4.363636363636363
6.166666666666667
1
4.125
2.142857142857143
3.5454545454545454
2.5
2.5384615384615383
4.2
4.423076923076923
2.7938144329896906
2.1666666666666665
4.333333333333333
1.8333333333333333
4
2.909090909090909
2.590909090909091
5.923076923076923
2.2857142857142856
2.100840336134454
4.25
2.217391304347826
3.119565217391304
2.840909090909091
3
4
2
2.1666666666666665
3.4166666666666665
2.5555555555555554
2.6666666666666665
2.6666666666666665
4
2.25
3.171875
2
2.8412698412698414
1.3333333333333333
2.3333333333333335
2.769230769230769
5.297297297297297
2.125
2.5
5.333333333333333
4.128712871287129
4.333333333333333
2.191616766467066
2.5
2.142857142857143
3.4
2.3947368421052633
4.342915811088296
4.5
2.3306451612903225
2.8805970149253732
3.9266666666666667
2.6538461538461537
2.2222222222222223
2.8
1.3333333333333333
5.1395348837209305
3.6956521739130435
2.5714285714285716
2.914285714285714
3.8260869565217392
4.142857142857143
3.7848605577689245
1.8
2.272727272727273
2.764705882352941
2.892857142857143
2.533333333333333
3.7733333333333334
5.5
3.6
4.325
2.3240223463687153
4
2
2.5
2.9411764705882355
3.036036036036036
3
4.641025641025641
4.25
2.4489795918367347
3.1666666666666665
2.8333333333333335
2.4166666666666665
2
1.9361702127659575
1.625
2.9375
6.461538461538462
3.118279569892473
5.125
1.9166666666666667
2.6
2.658536585365854
2
2.24
2.292682926829268
3.0833333333333335
2
2
2.4375
2.2338129496402876
3.5555555555555554
2.1415929203539825
2.4615384615384617
2
2.4814814814814814
3.4057971014492754
2.111111111111111
1.125
2
2.5
2.7247706422018347
3.125
1.9642857142857142
5.0310077519379846
2
2.6666666666666665
2.8795180722891565
2.888888888888889
2.1946902654867255
4.57258064516129
2.2857142857142856
3.3684210526315788
2.566666666666667
2.1
3.375
2.5
2
1.5483870967741935
2.217391304347826
2.25
2.625
3
2.314814814814815
1.6111111111111112
2.5
2.097560975609756
2.1
2.2127659574468086
3.1379310344827585
4.568421052631579
3.8333333333333335
3.3214285714285716
2.2857142857142856
2.2666666666666666
3
2
2
6.482758620689655
2
2.0625
2.761904761904762
1.4
2.9545454545454546
3.6666666666666665
2.9285714285714284
2.2666666666666666
4.571428571428571
6.290322580645161
2.642857142857143
2.090909090909091
3.7704918032786887
3.327800829875519
2.4915254237288136
1.625
2.5
2.0970149253731343
2.6363636363636362
2.896551724137931
2.4
2.4545454545454546
1.9655172413793103
4.680738786279683
2.1666666666666665
2.5714285714285716
3.2857142857142856
1.9626168224299065
2
2.6451612903225805
2.6
2.223404255319149
2.288135593220339
3.9516129032258065
2.0851063829787235
4
1.9
3.0416666666666665
3.588235294117647
2.5
3.2083333333333335
2.1818181818181817
2.4035087719298245
3.43312101910828
2.4
5.637931034482759
2.5268817204301075
2.3376623376623376
2.024390243902439
3.9565217391304346
2.5642857142857145
2.92
2
2.7758620689655173
2.857142857142857
1.876923076923077
3.5625
6.068965517241379
2.5
1.8
2.1025641025641026
2.2432432432432434
2.857142857142857
5.117647058823529
6
5.0344827586206895
4.75
2
2.235294117647059
2.0294117647058822
3.698051948051948
2.1666666666666665
2
2.3
2.547169811320755
2.625
1.9189189189189189
6.555555555555555
3
2.716666666666667
2
4.885245901639344
2
2.5128205128205128
3.4
1.7794117647058822
2.857142857142857
1.5686274509803921
4
2.5714285714285716
2.3333333333333335
1.8461538461538463
2.2857142857142856
4.144329896907217
2.2244897959183674
3.5595238095238093
3.7989031078610602
4.456521739130435
2.2
1.5714285714285714
2.75
2.3076923076923075
2.795918367346939
1.5892857142857142
5.363636363636363
3.782340862422998
2.2033898305084745
2.5
1.9618320610687023
2.727272727272727
2
1.9782608695652173
5.733333333333333
1.2
2.4210526315789473
2
2
2
3.257142857142857
2
1.1428571428571428
2.9
2.6666666666666665
2.098360655737705
3.5416666666666665
2.4285714285714284
2.2264150943396226
2.511627906976744
2
2.0232558139534884
2.8461538461538463
2.1176470588235294
2.547169811320755
2.6956521739130435
3.7846153846153845
2.5416666666666665
1.6210526315789473
2.65
1.2913385826771653
2.3448275862068964
2.9672131147540983
2.5714285714285716
1.105263157894737
2.0714285714285716
2.1818181818181817
1.223529411764706
2.4444444444444446
3.7777777777777777
2.391959798994975
2.8823529411764706
2.142857142857143
2.3333333333333335
2.5
3.5
1.7435897435897436
2
2.652173913043478
1.1904761904761905
2.3666666666666667
5.217391304347826
5.034782608695652
2.3636363636363638
2.5357142857142856
4.86404833836858
2.6
2.452054794520548
2.342857142857143
2.2222222222222223
2
3.7142857142857144
4.619047619047619
4.714285714285714
2
2.642857142857143
4.195804195804196
1.894736842105263
2.2
1.9523809523809523
2
3.557894736842105
2.2577319587628866
3
2.5
1.945945945945946
4.944444444444445
2.5
2.260869565217391
1.9090909090909092
1.71875
1.7127659574468086
2.7
2.7857142857142856
2.261904761904762
3.2325581395348837
2.3225806451612905
3
1.4
4.033980582524272
2.5294117647058822
3.625
3.769230769230769
4.166666666666667
5.96875
3.7551020408163267
2
4.214285714285714
3.4285714285714284
2.5714285714285716
2.03125
2.75
2.909090909090909
2.375
2.5555555555555554
1.3461538461538463
3.25
2.7241379310344827
3
3.6511627906976742
2.810810810810811
2.4827586206896552
2.28125
3.611111111111111
2.0161290322580645
4.454545454545454
2.9
1.8571428571428572
2.659090909090909
4.590909090909091
1.7419354838709677
2.642857142857143
3
1
3.517857142857143
3
2
4.2465753424657535
3.5823293172690764
4.413881748071979
2.1627906976744184
2.5
2.0833333333333335
2.626865671641791
4.882352941176471
2
2.869565217391304
2
2.6
1.90625
3.3846153846153846
2.142857142857143
3.1216216216216215
2.7777777777777777
2.230769230769231
2.366336633663366
3.4050632911392404
2.150943396226415
2.3333333333333335
3.9482758620689653
4.142857142857143
3.4444444444444446
2.0526315789473686
2.3076923076923075
3.2142857142857144
1.8461538461538463
2.6
1.890625
2.943396226415094
3.2857142857142856
2.75
2.8947368421052633
2.3461538461538463
2.3076923076923075
2.0952380952380953
3.5294117647058822
3
3.05
2.128205128205128
1.9230769230769231
5.246753246753247
2.25
4.125
2.78125
2
2.8620689655172415
3.142857142857143
3.1231884057971016
4.867924528301887
3.03125
3.3333333333333335
4.372549019607843
2.4157303370786516
1.2
2.6
4.181818181818182
1.1785714285714286
1.4444444444444444
2.3333333333333335
2.3157894736842106
1.3461538461538463
2.9456521739130435
3
2.9166666666666665
2
2
2
1.4375
2.2564102564102564
1.5
2.766990291262136
1.8333333333333333
2.381679389312977
4.459770114942529
3.5
2.25
4.441734417344174
2.4444444444444446
2.8666666666666667
2.75
2.5714285714285716
2.210526315789474
1.8571428571428572
2.6666666666666665
1.1584158415841583
2.14
2.5
2.3636363636363638
2
1.5
1.8333333333333333
3.0526315789473686
2.625
4
2.3
2.25
2.7777777777777777
1.625
2.103448275862069
3.3333333333333335
2.4
3.4324324324324325
3.8155339805825244
2.3333333333333335
2.8421052631578947
2.2
4.925619834710743
2.3181818181818183
2.0454545454545454
3.25
3
2
2.425
3.5161290322580645
2.5238095238095237
5.875
2.5454545454545454
2.642857142857143
2
3.142857142857143
5.8431372549019605
2.302469135802469
3.28
3.25
4
2.682242990654206
2.55
3.3636363636363638
5.555555555555555
2.5172413793103448
4.3
2.2666666666666666
4.873333333333333
2.7142857142857144
3.407766990291262
2.440677966101695
2.263157894736842
2
5.2967032967032965
2.5
4.6
1.5441176470588236
2.6666666666666665
2.297872340425532
2.230769230769231
3.108433734939759
2.4
1.8
5.543859649122807
4.142857142857143
3.5416666666666665
3.2533333333333334
3.3333333333333335
3.5652173913043477
2.5555555555555554
6.333333333333333
2.76
2.6470588235294117
2.021276595744681
4.391304347826087
2.2545454545454544
3.739130434782609
3.328358208955224
5.590909090909091
4.818181818181818
2.074074074074074
5.881508078994614
2.3333333333333335
2.206896551724138
2.76
3
2.5
2.2
1.4090909090909092
4.033333333333333
2.8421052631578947
3.3333333333333335
2.27027027027027
2.2
3.3529411764705883
1.1666666666666667
5.92
4
2.3636363636363638
5.086956521739131
3.857142857142857
3.2716763005780347
4.142857142857143
1.6666666666666667
2.066666666666667
4.24
5.124031007751938
2
3.691358024691358
2
3
2.2950819672131146
2.260869565217391
3.3529411764705883
1.2705882352941176
3.8484848484848486
2.727272727272727
6.7899159663865545
2.8666666666666667
4.690866510538641
1.8928571428571428
2.7260273972602738
2.608695652173913
2.2058823529411766
1.8571428571428572
3
2.2954545454545454
2.5
2.4444444444444446
3.75
3
2.2083333333333335
4.48936170212766
4.035897435897436
5.28
2.6666666666666665
3.3529411764705883
6.95
3.09375
0.5942028985507246
2.8181818181818183
2.4545454545454546
3.6818181818181817
3
1.5
2.2
2.4038461538461537
2.7954545454545454
1.0909090909090908
2.5
4.580645161290323
2.761904761904762
2
2.8947368421052633
2.0930232558139537
4.3076923076923075
1.8
4.942857142857143
2.2
2.2222222222222223
2.375
4
2.0833333333333335
10.18918918918919
2.408450704225352
3.75
2.4705882352941178
2.375
2
2.857142857142857
2.5609756097560976
2.2777777777777777
3.75
3.466666666666667
3.811248808388942
4.0476190476190474
6.758620689655173
3.4545454545454546
3.710526315789474
3.973684210526316
1.7142857142857142
2.7629310344827585
2.6666666666666665
4.285714285714286
5.212686567164179
3.842696629213483
3
1.7575757575757576
2.125
1.1384615384615384
2
4.183908045977011
3.55
2.269230769230769
2.0980392156862746
2.694915254237288
3.75
4.5
2.5833333333333335
2.076923076923077
2.3820224719101124
1.75
4.9375
2.255813953488372
3.75
2.4615384615384617
2.8666666666666667
3
3.1530612244897958
6.630952380952381
2.5
2.522727272727273
4.537444933920705
2.380952380952381
5.294871794871795
2.7966101694915255
2.1020408163265305
2.9240506329113924
2.4
2.259259259259259
1.1428571428571428
2.24
2.388888888888889
3.066666666666667
4.681818181818182
4.3238095238095235
6.354166666666667
1.8070175438596492
6.37719298245614
2.2857142857142856
1.6666666666666667
3.8
2.6818181818181817
4.32258064516129
2.5
4.315789473684211
2.3684210526315788
3.2698412698412698
2.9375
2.0634920634920637
3.2944162436548226
2.25
1.9565217391304348
2.0789473684210527
2.409090909090909
2.7142857142857144
3.25
2.1818181818181817
3
3.5
2.5
3.5384615384615383
5.5
2.5
3.7564102564102564
2.1648351648351647
2.2857142857142856
1.971830985915493
6.722222222222222
2.125
3.2857142857142856
2.8135593220338984
4.517587939698492
2.3333333333333335
3.388888888888889
2.2790697674418605
2.25
6.512141280353201
1.5
2.16
2.188888888888889
2.4545454545454546
3.165644171779141
2.066666666666667
3.8461538461538463
2.230769230769231
1.5
4.033333333333333
3
2.0952380952380953
2
2.5
2.875
2.71875
3.9411764705882355
1.5
2.4
2.347826086956522
4.584615384615384
1.8333333333333333
2.72
3.3333333333333335
2.4
1.5
3.782051282051282
1.3333333333333333
2.7857142857142856
2.1777777777777776
2.56
2.475177304964539
3.1346153846153846
2.4054054054054053
5.748344370860927
2.7142857142857144
2.1578947368421053
1.6666666666666667
2.7241379310344827
2.75
3.925373134328358
2.8
2.4285714285714284
2.6363636363636362
2.9
2.642857142857143
2.126984126984127
2.5454545454545454
3.1666666666666665
3.62992125984252
2.5925925925925926
2.1333333333333333
1.0465116279069768
2.3333333333333335
2.0555555555555554
2
2.5714285714285716
2.5
2.35
2.111111111111111
2.4
2.25
3.497835497835498
2.324324324324324
2.9166666666666665
2.057142857142857
2.5
3.142857142857143
2.5
2
3
2
3.4301075268817205
3.25
2
4.142857142857143
3
3.5952380952380953
2.4375
2.782608695652174
3.0625
2.3333333333333335
1.96875
2
3.263157894736842
2.4488188976377954
2.1470588235294117
5.666666666666667
2.3846153846153846
3.6666666666666665
2.069264069264069
3.752808988764045
2
4.333333333333333
1.1428571428571428
4.048780487804878
6.078947368421052
3.892857142857143
2.1739130434782608
3.585714285714286
3.1009615384615383
3.75
1.744
6.2105263157894735
2.625
2.9473684210526314
3.5686274509803924
2.288135593220339
4.52054794520548
2.75
3.375
4.411764705882353
3
1.875
3.7560975609756095
2.8
4.409836065573771
5.08
2.3636363636363638
2.7719298245614037
4.416666666666667
2.6
3.5
3.1944444444444446
1.7777777777777777
3.6964285714285716
4.330275229357798
2.5161290322580645
2.5369127516778525
3.1333333333333333
2.125
2.7777777777777777
3.25
3.0172413793103448
1.1904761904761905
2.935483870967742
3.488372093023256
2.3333333333333335
3.2114285714285713
1.7272727272727273
2.75
2.539325842696629
3.142857142857143
1.6627906976744187
2.0588235294117645
3
2.2666666666666666
2.5
1.9591836734693877
1.5
2.1818181818181817
3.566666666666667
2.4444444444444446
2.6
1.8333333333333333
2.130434782608696
2.543307086614173
1.75
1.5
2.75
