1
1
1
1
1
1
2
6
1
1
6
7
1
1
2
1
2
2
5
2
34
7
1
3
3
1
5
2
1
4
2
3
1
4
2
10
1
4
2
1
1
1
1
12
3
2
1
1
1
2
3
3
11
1
8
2
1
9
19
5
5
2
3
2
2
17
4
6
1
1
3
1
1
5
9
4
20
4
4
1
2
20
1
2
1
4
3
5
1
1
1
1
1
6
31
1
1
1
6
1
2
1
1
7
3
1
5
6
28
2
1
1
6
5
1
2
1
5
6
3
3
6
8
1
1
1
1
5
1
12
1
10
9
16
23
5
1
4
3
3
3
5
80
1
3
2
4
1
4
3
1
1
1
2
1
1
1
1
1
11
5
6
12
7
1
5
2
1
3
20
4
23
16
7
8
2
2
2
8
4
1
1
1
5
10
1
2
1
13
4
7
1
3
8
7
1
1
2
6
5
5
1
5
2
3
22
4
2
1
1
3
2
4
6
8
2
5
2
2
1
8
2
9
4
5
9
10
9
4
2
2
44
3
1
5
1
13
16
7
2
1
3
2
10
6
1
2
1
2
2
2
6
1
6
1
4
7
9
1
21
20
7
1
1
6
1
1
2
3
14
5
2
6
7
2
7
1
2
1
1
4
4
12
10
4
3
3
8
5
2
3
13
1
1
12
24
2
15
4
2
1
3
2
16
2
2
2
1
2
62
2
1
1
10
1
3
15
1
5
3
1
3
2
5
3
1
2
1
1
14
12
46
3
7
6
3
3
1
5
3
3
6
4
2
18
1
52
1
3
4
1
1
9
11
1
5
5
6
1
3
8
2
1
1
19
1
6
1
1
4
4
1
4
19
4
1
4
2
1
31
1
10
17
6
3
3
2
50
1
10
6
4
4
6
2
1
9
17
1
2
2
1
1
2
22
12
2
13
3
1
1
1
9
2
4
2
2
2
2
3
5
2
4
3
2
1
1
3
11
4
1
18
4
1
1
3
1
2
2
2
66
18
10
3
1
1
11
1
10
1
6
12
1
3
3
3
5
7
3
1
10
10
7
1
2
5
2
6
6
1
9
1
6
1
1
1
6
6
1
7
1
1
22
1
1
3
1
1
3
1
1
1
1
1
6
6
1
1
1
1
2
2
1
12
11
3
1
1
3
2
24
22
1
9
6
3
1
1
2
2
7
1
3
7
7
1
2
4
4
25
25
3
5
4
3
3
3
1
2
3
1
43
2
1
3
2
4
5
18
25
2
2
1
2
4
15
24
1
7
6
6
1
4
1
3
2
5
3
1
1
10
1
1
41
1
7
3
2
1
9
1
1
5
2
1
2
5
21
4
2
2
7
8
7
2
5
4
1
2
2
1
3
2
2
1
27
5
2
1
6
3
1
1
63
12
4
3
1
17
3
35
10
1
4
1
1
4
7
1
3
3
5
1
3
2
5
3
3
2
5
23
15
1
1
1
8
5
1
5
1
3
1
4
10
2
7
1
20
12
16
2
8
4
51
1
1
2
6
3
3
15
5
1
3
9
2
1
2
1
2
1
18
1
1
4
1
3
3
5
1
1
2
34
1
3
2
2
7
3
1
2
3
3
5
6
1
1
9
1
4
2
3
3
9
5
6
1
2
3
8
3
1
2
4
2
2
2
1
7
2
2
1
4
1
2
6
9
2
1
28
2
1
6
2
14
1
4
2
2
5
2
1
8
1
2
1
37
1
1
5
61
50
14
5
1
1
10
2
1
1
4
1
1
4
10
17
30
6
2
5
4
4
1
47
4
5
1
9
13
1
3
1
3
6
1
1
7
4
1
2
6
1
8
3
1
42
1
1
2
2
3
7
3
4
2
2
9
2
2
2
8
4
4
1
4
1
24
1
4
1
5
3
1
8
2
10
2
3
3
1
3
1
13
10
12
1
12
3
2
4
1
1
4
4
2
1
6
3
9
5
9
1
7
3
24
2
6
1
2
1
2
2
2
1
15
9
6
5
43
1
1
1
6
35
8
1
4
14
3
67
2
3
1
9
145
26
4
1
6
3
6
1
1
1
5
1
14
3
2
250
1
2
1
1
1
2
1
3
4
6
2
2
4
1
1
2
1
7
1
8
12
4
3
1
1
1
1
17
1
13
4
1
2
9
1
2
11
2
2
1
1
1
3
7
11
3
10
3
1
1
15
1
1
3
2
2
3
1
1
9
33
3
2
71
3
9
1
1
10
2
1
12
1
5
2
1
4
1
1
2
1
8
3
4
22
1
34
1
1
10
15
1
1
1
2
4
20
1
4
3
1
1
1
8
17
8
1
3
1
4
1
13
2
4
3
33
3
2
1
3
2
3
2
4
47
9
3
2
1
9
1
2
1
2
12
1
1
4
1
9
2
4
2
3
7
1
1
1
4
3
16
3
1
1
1
11
9
5
2
2
11
1
9
1
2
2
22
2
1
1
2
2
1
2
11
2
4
2
4
16
6
1
7
29
1
3
17
13
4
5
1
1
5
1
6
1
2
5
2
1
7
3
1
21
1
2
1
1
4
13
1
3
21
1
1
