22
220
1
7
22
2
10
22
6
18
40
38
8
34
4
5
10
30
23
49
672
13
12
10
30
1
21
16
2
1
3
33
9
18
6
70
3
43
68
2
16
14
1
85
73
11
40
1
1
4
19
29
102
1
2
221
16
15
237
11
7
7
5
12
44
38
13
15
1
15
10
14
17
97
102
12
864
22
10
1
3
45
15
1
139
15
7
8
29
5
1
3
1
14
83
1
14
19
55
24
24
18
6
14
39
9
13
34
67
7
2
9
26
52
1
42
8
11
46
24
29
12
122
2
3
43
17
13
7
68
12
58
24
17
102
19
1
14
15
7
10
6
540
9
12
11
17
18
25
13
6
7
27
14
139
9
33
1
11
28
18
15
15
33
11
30
65
2
8
136
9
146
64
25
6
20
11
13
33
12
3
1
12
36
16
5
5
14
61
14
27
1
2
35
29
3
53
3
30
9
11
24
3
1
11
210
11
61
1
12
23
80
13
10
24
579
9
4
31
26
17
14
194
71
19
75
76
10
17
19
5
2905
38
3
12
1
16
59
12
59
2
4
17
15
15
8
32
18
24
2
1
5
13
4
1
11
18
19
22
15
89
26
1
1
3
7
20
1
10
436
5
7
16
19
16
55
9
17
38
16
72
14
85
52
11
11
16
52
15
8
45
180
2
17
163
235
34
56
14
29
3
21
10
30
4
10
17
2
24
138
24
5
4
82
32
17
28
4
20
19
13
20
14
33
15
15
7
14
2
134
79
767
5
130
12
34
5
4
70
26
11
57
18
1
73
6
564
2
30
23
3
10
25
77
2
5
7
14
7
19
8
12
7
3
41
3
113
5
3
6
10
2
4
30
141
6
12
7
59
3645
1
21
16
38
53
17
15
140
2
23
18
129
52
11
23
26
24
52
1
22
27
42
4
17
100
193
24
61
24
1
1
1
45
21
27
15
9
1
22
28
33
3
34
18
1
2
11
4
25
15
21
110
49
1
35
15
1
5
14
8
495
51
154
144
2
3
56
2
58
8
11
190
1
11
74
20
49
41
12
18
13
30
8
50
84
9
9
2
19
8
27
4
14
31
10
3
12
40
3
11
4
1
143
1
11
12
7
15
6
19
28
6
1
2
17
31
20
5
11
2
37
6
2
75
93
22
11
2
28
13
47
51
2
59
36
7
1
37
24
12
33
1
7
6
24
6
74
20
15
22
57
4
192
85
1
15
30
18
6
14
1
145
16
1
11
6
30
36
1
159
16
23
5
30
22
146
687
1
14
31
56
3
49
1
26
17
13
7
24
20
235
15
1
75
1
10
49
9
1
54
47
5
9
47
8
4
79
91
11
12
15
59
20
42
3
379
34
1
3
21
1
18
6
10
19
61
60
5
29
29
28
2
5
494
86
58
9
2
96
22
159
48
1
49
1
21
66
21
1
15
10
17
10
2
32
9
9
7
15
8
164
17
1
2
15
9
37
1
14
1
10
2
6
42
4
16
2
43
8
93
8
1
2
123
41
18
14
319
31
25
75
15
14
125
225
13
3
60
39
20
1
55
2
16
11
1
44
15
28
19
1
6
142
10
40
24
7
2
20
1
476
30
21
48
78
14
17
145
2
9
16
17
20
1
10
106
2
3
19
22
13
17
3
63
10
17
11
4
96
17
14
184
13
2
14
14
34
29
9
335
6
7
11
30
20
40
28
4
17
29
12
1
33
5
2
5
76
1
3
13
1149
232
90
29
3
1
22
18
46
27
14
4
2
19
55
151
127
12
17
18
33
14
4
133
11
26
25
20
46
7
7
22
13
37
14
1
55
24
1
4
13
4
7
21
5
313
6
7
14
14
23
30
18
13
10
11
22
14
4
11
13
18
2
15
11
23
253
1
13
13
17
6
7
22
3
27
9
98
8
75
16
3
2188
56
18
3
9
19
2
8
22
3
23
55
23
2
13
17
67
19
9
2
92
33
2
4
14
15
5
59
5
15
26
1
30
22
22
31
225
24
179
27
66
134
14
1
5
36
14
289
8
15
9
11
1110
83
25
18
24
10
42
1
1
5
28
2
204
9
2
941
5
11
1
7
13
8
4
19
4
14
12
13
17
9
1
2
3
150
2
163
61
10
31
45
14
2
18
41
112
96
5
1
20
18
4
1
14
6
5
3
29
18
14
20
10
2
31
34
15
2
48
6
1
21
12
5
24
26
8
27
98
20
19
443
19
12
2
10
37
6
14
25
2
101
8
18
30
2
1
10
5
28
23
25
59
1
293
1
16
24
41
6
23
7
21
45
2
10
35
7
18
1
24
48
38
37
6
9
3
29
1
9
21
13
9
407
1
6
2
15
16
19
98
14
154
74
40
10
2
111
10
4
1
8
72
8
28
30
1
48
2
18
1
2
10
2
86
7
9
12
15
20
7
6
4
188
98
13
9
11
125
3
25
9
27
28
140
16
2
20
5
66
9
12
196
14
32
1
86
18
20
9
10
1194
1
8
1271
20
8
187
3
14
49
10
40
6
21
47
14
19
3
4
1
103
1
9
6
29
19
66
17
19
104
9
9
