0.6938080787658691
0.19094222784042358
0.4045826494693756
0.8834853768348694
0.6938080191612244
0.7752315998077393
0.7227318286895752
0.3660259544849396
0.8219610452651978
0.2254207283258438
0.6938080191612244
0.2858135402202606
0.6861696839332581
0.7338921427726746
0.3619570732116699
0.5452139973640442
0.6874197721481323
0.6758002638816833
0.49629586935043335
0.23666387796401978
0.2402198612689972
0.7228411436080933
0.8505811095237732
0.8004328608512878
0.7382491230964661
0.8529757261276245
0.5199944972991943
0.15762849152088165
0.5083155632019043
0.6498406529426575
0.09214002639055252
0.7955425381660461
0.5870407223701477
0.10314218699932098
0.3280175030231476
0.7758393883705139
0.7990020513534546
0.6790043115615845
0.7300810813903809
0.6146652102470398
0.328156441450119
0.5475622415542603
0.815163791179657
0.6854376196861267
0.3669045865535736
0.8215687870979309
0.6729907393455505
0.828895092010498
0.4873643219470978
0.4504750072956085
0.5134262442588806
0.8902778029441833
0.7615903615951538
0.8209458589553833
0.09995082020759583
0.8229734897613525
0.775253415107727
0.7994566559791565
0.3222179412841797
0.6234144568443298
0.24440552294254303
0.851885199546814
0.1736660897731781
0.5446242690086365
0.6886801719665527
0.6384103298187256
0.3153589069843292
0.7750818729400635
0.5840886235237122
0.509974479675293
0.48735272884368896
0.6056777834892273
0.3281556963920593
0.6668111681938171
0.7793246507644653
0.7562633156776428
0.8840506076812744
0.7702785134315491
0.5581364631652832
0.8580470085144043
0.8476929664611816
0.8412835001945496
0.66469407081604
0.3193776607513428
0.4848538339138031
0.6900898218154907
0.6991616487503052
0.7003234624862671
0.7993886470794678
0.8512991666793823
0.4840371012687683
0.8524408936500549
0.8528266549110413
0.7143216729164124
0.13849063217639923
0.8418425917625427
0.9115029573440552
0.7749956250190735
0.6938080191612244
0.8731827139854431
0.5374712347984314
0.5456616282463074
0.8522322177886963
0.8717541694641113
0.6938080191612244
0.5640509724617004
0.8223190307617188
0.6888538002967834
0.10118769109249115
0.17416103184223175
0.19021421670913696
0.20393060147762299
0.5714992880821228
0.290684312582016
0.6623089909553528
0.19058173894882202
0.18652048707008362
0.27981895208358765
0.24592186510562897
0.36358267068862915
0.8954948782920837
0.6119750738143921
0.7062302231788635
0.8508427143096924
0.7062223553657532
0.5108194947242737
0.2275640070438385
0.6755159497261047
0.7756129503250122
0.8862787485122681
0.3310205638408661
0.1589772254228592
0.76237952709198
0.3026878237724304
0.6559896469116211
0.8233330845832825
0.7328400611877441
0.5523529648780823
0.8552908301353455
0.5780214071273804
0.8452059626579285
0.31197497248649597
0.7768696546554565
0.822611391544342
0.8588389158248901
0.32815566658973694
0.7756128907203674
0.7510547041893005
0.7747126221656799
0.8529024720191956
0.7266992330551147
0.5410459041595459
0.5780360698699951
0.49815648794174194
0.3280175030231476
0.49032098054885864
0.8057634830474854
0.5284764170646667
0.8218175768852234
0.546356201171875
0.5147960782051086
0.6744354963302612
0.4955686926841736
0.7563687562942505
0.5262996554374695
0.4882022738456726
0.8212871551513672
0.8223201632499695
0.44200825691223145
0.8531672954559326
0.8420709371566772
0.39759185910224915
0.7758286595344543
0.5091557502746582
0.7727405428886414
0.40753161907196045
0.4835987389087677
0.5312116742134094
0.13449203968048096
0.7694542407989502
0.7750889658927917
0.13559669256210327
0.7536062598228455
0.4242789149284363
0.32815566658973694
0.25111812353134155
0.7950136661529541
0.3852284848690033
0.8041682243347168
0.8226972222328186
0.8535500168800354
0.6089259386062622
0.6390882134437561
0.6549586653709412
0.6205501556396484
0.8619386553764343
0.10358589887619019
0.2253945916891098
0.4710333049297333
0.613183319568634
0.8190678954124451
0.8458126783370972
0.775244414806366
0.7754313945770264
0.8853233456611633
0.4843820035457611
0.6176405549049377
0.6134270429611206
0.7753485441207886
0.40128985047340393
0.7758394479751587
0.20522482693195343
0.7758286595344543
0.760522723197937
0.1897120177745819
0.8218527436256409
0.7758393883705139
0.24058744311332703
0.4717625379562378
0.25996094942092896
0.3368739187717438
0.7168439030647278
0.8398357629776001
0.7752534747123718
0.3536643087863922
0.6132116317749023
0.296319842338562
0.5719324350357056
0.7752785682678223
0.46838533878326416
0.7108979225158691
0.7333083748817444
0.7809829115867615
0.8742156028747559
0.6938080191612244
0.7006344199180603
0.33513444662094116
0.1653040647506714
0.7755007147789001
0.42508962750434875
0.35523974895477295
0.3306758403778076
0.5801867842674255
0.5819774866104126
0.809765636920929
0.7137255072593689
0.8534848690032959
0.7552708387374878
0.8531625866889954
0.3161105811595917
0.8243685364723206
0.22490796446800232
0.5298223495483398
0.23074278235435486
0.6937827467918396
0.818539023399353
0.8725321888923645
0.4688829481601715
0.4949536919593811
0.7785407900810242
0.8666583895683289
0.7742551565170288
0.7756128907203674
0.5452570915222168
0.7758286595344543
0.7054328322410583
0.3813130855560303
0.21886307001113892
0.8747137784957886
0.5160598754882812
0.7230495810508728
0.3166472911834717
0.2503165006637573
0.8544348478317261
0.7758393883705139
0.4083521366119385
0.526157557964325
0.5031771063804626
0.8911978006362915
0.6013116836547852
0.7431206703186035
0.5927320122718811
0.7758285403251648
0.4563967287540436
0.3076266348361969
0.3443794250488281
0.3575040102005005
0.8226097226142883
0.1657623052597046
0.8783696293830872
0.6938079595565796
0.6866117715835571
0.8896896243095398
0.8480769395828247
0.6146570444107056
0.439240038394928
0.875103235244751
0.6938080787658691
0.34885096549987793
0.6986143589019775
0.5942862629890442
0.6362574100494385
0.7751613259315491
0.5079558491706848
0.6938080787658691
0.6426116228103638
0.36423051357269287
0.5852006077766418
0.4106941819190979
0.5307374000549316
0.37106701731681824
0.8744770288467407
0.775537371635437
0.6689750552177429
0.16860990226268768
0.620201587677002
0.8210458755493164
0.7752218842506409
0.19567281007766724
0.6900908946990967
0.8295544981956482
0.41847583651542664
0.8203594088554382
0.5191671252250671
0.8532087802886963
0.19124440848827362
0.7592335343360901
0.5320664048194885
0.8706858158111572
0.40310218930244446
0.21309560537338257
0.7727187871932983
0.3275991678237915
0.6116366982460022
0.7503252029418945
0.5808975100517273
0.7347138524055481
0.7758393883705139
0.775512158870697
0.77582848072052
0.4776756763458252
0.24130329489707947
0.8508721590042114
0.5239466428756714
0.6938079595565796
0.8197972774505615
0.27983030676841736
0.5812460780143738
0.4089880883693695
0.8747682571411133
0.6774678826332092
0.8586280345916748
0.6937828063964844
0.7731323838233948
0.614724338054657
0.84737628698349
0.821052074432373
0.8910936713218689
0.6639453172683716
0.8531230092048645
0.7985432147979736
0.7757592797279358
0.4688674211502075
0.7271652817726135
0.9011810421943665
0.8438501358032227
0.1416902393102646
0.1571427583694458
0.5495567321777344
0.7260280847549438
0.5887249112129211
0.4161885976791382
0.8649747371673584
0.8230916857719421
0.1918943226337433
0.24033430218696594
0.6800386905670166
0.5828516483306885
0.7748876810073853
0.6655592918395996
0.45863035321235657
0.3484063148498535
0.8398885726928711
0.7428704500198364
0.7758393883705139
0.8749257326126099
0.6134716272354126
0.6629971265792847
0.7976758480072021
0.8207510709762573
0.6022638082504272
0.5388474464416504
0.5067740082740784
0.6706218719482422
0.24817319214344025
0.6413092017173767
0.8046654462814331
0.8532085418701172
0.5142523050308228
0.7743630409240723
0.8220945000648499
0.6929571628570557
0.6747156977653503
0.3056255877017975
0.32127612829208374
0.16045859456062317
0.8624377846717834
0.5725223422050476
0.5061584115028381
0.3003299832344055
0.19660142064094543
0.8519303202629089
0.7863484025001526
0.7748876214027405
0.29422104358673096
0.8017715215682983
0.7297332882881165
0.2727222144603729
0.11516725271940231
0.559694766998291
0.7114296555519104
0.5099638104438782
0.7460048198699951
0.41105392575263977
0.7555331587791443
0.6461140513420105
0.5124271512031555
0.19483886659145355
0.8589242100715637
0.3229055106639862
0.5049068927764893
0.906832754611969
0.7822871804237366
0.6094549894332886
0.5984111428260803
0.5488736033439636
0.7946943044662476
0.8368859887123108
0.28860270977020264
0.827536404132843
0.6412387490272522
0.7472557425498962
0.7655263543128967
0.6776278614997864
0.4779606759548187
0.7756128907203674
0.7752110362052917
0.588941752910614
0.8094672560691833
0.22202494740486145
0.7962861657142639
0.822320282459259
0.8097458481788635
0.6084995865821838
0.8220539093017578
0.5547123551368713
0.4432482123374939
0.8393204808235168
0.5876410603523254
0.8045461773872375
0.24393633008003235
0.4760538637638092
0.7041933536529541
0.8631809949874878
0.4388508200645447
0.6839409470558167
0.7270862460136414
0.501711905002594
0.37561553716659546
0.07856298983097076
0.2841506600379944
0.16155290603637695
0.6388599872589111
0.25362586975097656
0.77582848072052
0.7835829257965088
0.2908867299556732
0.2568381726741791
0.4025287926197052
0.77582848072052
0.7287869453430176
0.508074164390564
0.8214095830917358
0.5494862794876099
0.32815566658973694
0.7758394479751587
0.5304740071296692
0.46968650817871094
0.6222465634346008
0.7266073226928711
0.8000500202178955
0.15306667983531952
0.19700410962104797
0.3755972385406494
0.6063368916511536
0.6455205678939819
0.5541327595710754
0.8398382067680359
0.18458186089992523
0.7756238579750061
0.8959476947784424
0.44454482197761536
0.16814938187599182
0.8570892214775085
0.2866465747356415
0.1654922068119049
0.24033430218696594
0.7709335088729858
0.7838104963302612
0.8900209069252014
0.5158538222312927
0.7702956795692444
0.4601442515850067
0.7756128907203674
0.7563537955284119
0.7758286595344543
0.8057650327682495
0.6690031290054321
0.44540008902549744
0.814528226852417
0.8225159645080566
0.3467842936515808
0.6938080787658691
0.2950884997844696
0.8909516930580139
0.6224113702774048
0.10027232021093369
0.4415833055973053
0.4285067915916443
0.23354120552539825
0.7655499577522278
0.6900903582572937
0.4838298559188843
0.28632140159606934
0.40361082553863525
0.7997295260429382
0.6937828063964844
0.8286001682281494
0.2003551870584488
0.8213832974433899
0.7756128907203674
0.18996478617191315
0.8858380317687988
0.5002418756484985
0.8896225094795227
0.6047584414482117
0.7294285297393799
0.8253459334373474
0.7625555396080017
0.7758393883705139
0.8125165700912476
0.8127915263175964
0.48282450437545776
0.7741714119911194
0.8586598038673401
0.6978406310081482
0.22665902972221375
0.6392626762390137
0.23730646073818207
0.45063483715057373
0.583467423915863
0.4004514515399933
0.5052603483200073
0.6310583353042603
0.4135624170303345
0.5671070218086243
0.8060442805290222
0.730615496635437
0.6110173463821411
0.5206164717674255
0.7643846273422241
0.7431136965751648
0.7758286595344543
0.775537371635437
0.891209602355957
0.19164514541625977
0.8399803638458252
0.607670783996582
0.8179023861885071
0.5560159683227539
0.1586267650127411
0.8762884140014648
0.8114749193191528
0.7786977291107178
0.06982428580522537
0.24104349315166473
0.7867741584777832
0.4599180221557617
0.8201955556869507
0.8752068281173706
0.4284197986125946
0.8217083811759949
0.7563838958740234
0.32815566658973694
0.7755544781684875
0.8706550002098083
0.6082054376602173
0.8382631540298462
0.40248343348503113
0.5972004532814026
0.7758394479751587
0.05193097144365311
0.8531280159950256
0.3767755329608917
0.4957202672958374
0.502901554107666
0.8219934701919556
0.5054565072059631
0.6531445384025574
0.8221495747566223
0.7292194366455078
0.1579573154449463
0.45516592264175415
0.8505281805992126
0.8735389709472656
0.8654612302780151
0.8744254112243652
0.24062418937683105
0.3833962678909302
0.7756128907203674
0.20533517003059387
0.22051680088043213
0.8288907408714294
0.7873150706291199
0.7756128907203674
0.6137160658836365
0.8224570751190186
0.6695912480354309
0.3788750469684601
0.8272780776023865
0.762347936630249
0.15938232839107513
0.8144285082817078
0.4322184920310974
0.4828537404537201
0.8531344532966614
0.15157198905944824
0.6614229679107666
0.5729730725288391
0.8716514706611633
0.8751457929611206
0.7989928722381592
0.4581323266029358
0.25468316674232483
0.4404229521751404
0.8516864776611328
0.3966423571109772
0.36499205231666565
0.823161244392395
0.8223187923431396
0.8199586272239685
0.7000455260276794
0.21278254687786102
0.5552615523338318
0.6223335266113281
0.6164151430130005
0.5188052654266357
0.6758706569671631
0.7769747376441956
0.8212711811065674
0.5116156935691833
0.5508865714073181
0.6937828063964844
0.8214083313941956
0.8101242184638977
0.840423047542572
0.8222585916519165
0.5997973084449768
0.9009698629379272
0.24070648849010468
0.8384068012237549
0.8531680703163147
0.822258710861206
0.6360461115837097
0.775320291519165
0.5376726388931274
0.3910180628299713
0.8527988791465759
0.8225160241127014
0.19501514732837677
0.7749172449111938
0.5367524027824402
0.804694414138794
0.18971198797225952
0.5485482215881348
0.8484442234039307
0.5332522392272949
0.7282605171203613
0.7398549914360046
0.5570876002311707
0.77582848072052
0.2880280017852783
0.5853660702705383
0.41104656457901
0.7486218214035034
0.3979925215244293
0.47547686100006104
0.8530192375183105
0.9015783667564392
0.29461613297462463
0.7077370882034302
0.8719267249107361
0.7031880021095276
0.11701091378927231
0.5587573051452637
0.36156612634658813
0.5069047212600708
0.6644062995910645
0.22448775172233582
0.48288777470588684
0.42136213183403015
0.7758393883705139
0.849997878074646
0.7849389314651489
0.1277713030576706
0.2722730338573456
0.7758286595344543
0.20482349395751953
0.42075687646865845
0.19006873667240143
0.47643008828163147
0.7758286595344543
0.8519814610481262
0.7650836706161499
0.7750818133354187
0.07784832268953323
0.24020113050937653
0.7804926037788391
0.6902567148208618
0.8716548681259155
0.08706530183553696
0.527977705001831
0.6937827467918396
0.3584766089916229
0.7703137397766113
0.22068749368190765
0.29885539412498474
0.47683995962142944
0.3597961366176605
0.06735815852880478
0.8221655488014221
0.25912705063819885
0.8059377074241638
0.7282938361167908
0.739350438117981
0.9127109050750732
0.32815566658973694
0.7264782190322876
0.6245740652084351
0.8388300538063049
0.5845018029212952
0.29763638973236084
0.9031665325164795
0.510671079158783
0.09690608084201813
0.7436829209327698
0.42248156666755676
0.7743299007415771
0.3849906027317047
0.19055961072444916
0.8128935694694519
0.34240007400512695
0.7758394479751587
0.6264749765396118
0.6937828063964844
0.7758393883705139
0.6937828660011292
0.9240916967391968
0.5787160992622375
0.5545543432235718
0.7994155287742615
0.2505604028701782
0.8528982996940613
0.38987064361572266
0.7758395075798035
0.8536646366119385
0.5114981532096863
0.24041074514389038
0.6705064177513123
0.4399193823337555
0.7732784748077393
0.09859781712293625
0.42763522267341614
0.7734811305999756
0.4538402557373047
0.35431790351867676
0.8905448913574219
0.15673713386058807
0.775320291519165
0.9233112931251526
0.8583927750587463
0.36108043789863586
0.11484427750110626
0.19051676988601685
0.7160555720329285
0.6550981998443604
0.8163949251174927
0.6563923954963684
0.7358125448226929
0.8218193054199219
0.32100221514701843
0.29985836148262024
0.7624596953392029
0.7729209661483765
0.2260286808013916
0.12334541976451874
0.4075177311897278
0.5990374088287354
0.5059806704521179
0.19333209097385406
0.5482175946235657
0.7754566669464111
0.161047101020813
0.44063258171081543
0.7406648397445679
0.7756128907203674
0.1608058363199234
0.38653507828712463
0.3281556963920593
0.7657966613769531
0.71910160779953
0.6039009690284729
0.0965626910328865
0.2412969470024109
0.7756528854370117
0.7410578727722168
0.8442782163619995
0.774551510810852
0.5744373798370361
0.6079878211021423
0.766941487789154
0.47621336579322815
0.6608601808547974
0.7116211652755737
0.8251960873603821
0.6138487458229065
0.47939175367355347
0.5290840864181519
0.6936224102973938
0.6900913715362549
0.387015163898468
0.7742840051651001
0.3904263377189636
0.3177277743816376
0.3191015124320984
0.6937828063964844
0.25049418210983276
0.1901998370885849
0.7569183111190796
0.08887214213609695
0.7756128907203674
0.6231862902641296
0.6788615584373474
0.14694225788116455
0.6063258647918701
0.4929850995540619
0.6938080787658691
0.5088094472885132
0.7753093242645264
0.7758285403251648
0.8952528834342957
0.15834440290927887
0.8536673188209534
0.8745620846748352
0.7758395075798035
0.2407064139842987
0.6660241484642029
0.24387450516223907
0.8123282790184021
0.8220652937889099
0.8520944118499756
0.8469739556312561
0.8916612863540649
0.1956251561641693
0.8025245666503906
0.729145884513855
0.7756128907203674
0.7924548387527466
0.8224948644638062
0.8531894087791443
0.7155489325523376
0.7758286595344543
0.2348390370607376
0.7288051843643188
0.5780705213546753
0.47256314754486084
0.49832645058631897
0.5556738376617432
0.8777948617935181
0.9125416874885559
0.7331901788711548
0.6767978072166443
0.24293255805969238
0.6487247347831726
0.7758286595344543
0.7240169048309326
0.7758285403251648
0.8591394424438477
0.6408551931381226
0.19519919157028198
0.8749962449073792
0.8222271203994751
0.7683156132698059
0.8742985129356384
0.33022478222846985
0.6297615766525269
0.7518327236175537
0.7361729145050049
0.8553072810173035
0.5156980752944946
0.8184239268302917
0.7777592539787292
0.5472646355628967
0.5838396549224854
0.15430721640586853
0.5970361232757568
0.7749876379966736
0.8174744844436646
0.35995832085609436
0.6717309951782227
0.16056914627552032
0.6200793385505676
0.8724459409713745
0.41826629638671875
0.6529164910316467
0.615042507648468
0.32815566658973694
0.33553066849708557
0.4051598310470581
0.3962201178073883
0.7192885875701904
0.24190634489059448
0.27468106150627136
0.7267593145370483
0.4400903880596161
0.6126377582550049
0.7487857341766357
0.43193525075912476
0.5456117987632751
0.7758286595344543
0.4331642687320709
0.8908712863922119
0.7762651443481445
0.36140426993370056
0.6938080191612244
0.45016565918922424
0.6154481768608093
0.8534405827522278
0.7755264043807983
0.48757848143577576
0.3773438334465027
0.6528977155685425
0.7333266735076904
0.5605100393295288
0.24407954514026642
0.8862577676773071
0.8226779103279114
0.6302397847175598
0.7757592797279358
0.4907655119895935
0.3991280198097229
0.5272133350372314
0.6116542220115662
0.8270471692085266
0.3379189372062683
0.8586007356643677
0.2048029750585556
0.8142630457878113
0.4654778242111206
0.8746185302734375
0.24667249619960785
0.7758286595344543
0.8581033945083618
0.11569683253765106
0.3556167781352997
0.4006338119506836
0.7106701135635376
0.5800968408584595
0.8536667823791504
0.13622097671031952
0.5570177435874939
0.15067435801029205
0.1508559137582779
0.12173479795455933
0.35312339663505554
0.3351050317287445
0.8173929452896118
0.916547417640686
0.8063334822654724
0.40145233273506165
0.8121308088302612
0.8213105201721191
0.5069688558578491
0.4401088058948517
0.6947802901268005
0.8481777310371399
0.42955681681632996
0.7828760147094727
0.30759525299072266
0.3281556963920593
0.6014488935470581
0.27682366967201233
0.8002203702926636
0.5806533098220825
0.7755264043807983
0.4042340815067291
0.5473411679267883
0.35515549778938293
0.41363632678985596
0.2304793745279312
0.822365403175354
0.7532588839530945
0.29069939255714417
0.6963759064674377
0.6608550548553467
0.3280177116394043
0.5377126336097717
0.8656102418899536
0.5753514170646667
0.3280175030231476
0.30740469694137573
0.5250234007835388
0.7429538369178772
0.5917502641677856
0.8690066337585449
0.5275349020957947
0.8223347067832947
0.4032334089279175
0.6836655735969543
0.2858140468597412
0.7756128907203674
0.8226112723350525
0.75677889585495
0.7758393883705139
0.8392881155014038
0.2503252923488617
0.7946035861968994
0.82279372215271
0.9203482866287231
0.8279593586921692
0.6728439331054688
0.7001867294311523
0.7403131723403931
0.8533279299736023
0.163517564535141
0.8946723341941833
0.47012874484062195
0.4032927453517914
0.6646825075149536
0.8444070816040039
0.32815566658973694
0.6655341386795044
0.10703197121620178
0.8016448020935059
0.687741219997406
0.3916175365447998
0.6396411061286926
0.20076365768909454
0.8903346657752991
0.9013196229934692
0.25032562017440796
0.6936224102973938
0.2800058126449585
0.7780174016952515
0.35986241698265076
0.7758286595344543
0.851079523563385
0.5074147582054138
0.6924135684967041
0.3569079637527466
0.3280179500579834
0.4600980579853058
0.5632913708686829
0.8417811989784241
0.683181643486023
0.49868282675743103
0.4650963246822357
0.7752424478530884
0.7403675317764282
0.1714770495891571
0.4967576265335083
0.5084807276725769
0.30037641525268555
0.2809668481349945
0.8020925521850586
0.29334327578544617
0.6938080191612244
0.6848572492599487
0.5019609332084656
0.7756128907203674
0.44472402334213257
0.3972616195678711
0.6787511110305786
0.40164369344711304
0.4880278408527374
0.8221873044967651
0.8127427697181702
0.9130529761314392
0.7758285999298096
0.3508681654930115
0.2437392622232437
0.7758286595344543
0.4014832675457001
0.8916612863540649
0.6938194632530212
0.6565800309181213
0.5772761702537537
0.6937827467918396
0.6123440861701965
0.8506990075111389
0.1370517462491989
0.7177577614784241
0.31361207365989685
0.4225206971168518
0.8213516473770142
0.8911310434341431
0.6190281510353088
0.546479344367981
0.77582848072052
0.43180838227272034
0.19229282438755035
0.891619861125946
0.19173462688922882
0.6859683990478516
0.8199740648269653
