10.398058252427184
3.8105263157894735
5.173170731707317
2.3013698630136985
3.184931506849315
3.8
3.142857142857143
6
2.909090909090909
4.1875
3.5384615384615383
3.1666666666666665
5.717948717948718
3.1848739495798317
4.388888888888889
5.25
3.5
4.0519480519480515
4.401515151515151
5.378109452736318
5.254716981132075
2.1052631578947367
2.5
3.89
4.211055276381909
7.25984251968504
4.506172839506172
3.853233830845771
1.069364161849711
4.333333333333333
5.407407407407407
4.781914893617022
2.1458333333333335
5.1647727272727275
4.391304347826087
5.073170731707317
2.730769230769231
4
4.966101694915254
3.753623188405797
2.25
3.696969696969697
3.3333333333333335
3.220183486238532
3.1818181818181817
5.326352530541012
3.991869918699187
3
5.864864864864865
3
3.4457831325301207
3.5
2
4.043478260869565
5
4.25
2.875
2.5
3.225
3.966666666666667
2.864864864864865
8.303630363036303
3.533333333333333
1.5333333333333334
1.8775510204081634
7.911214953271028
3.488888888888889
6.52112676056338
8
3.3157894736842106
3.411764705882353
3.4597701149425286
3.0864197530864197
2.2
5.580645161290323
3.6666666666666665
4.673913043478261
2.857142857142857
3.9833333333333334
3.859154929577465
4.757894736842105
3.8
4.277777777777778
7.857142857142857
3.534218590398366
4.153846153846154
4.2
2.2542372881355934
3.911764705882353
4.982352941176471
3.4615384615384617
9.45945945945946
2.6842105263157894
5.032786885245901
4.636363636363637
1.5517241379310345
4.0476190476190474
5.325
2.5
3.8846153846153846
3.6825396825396823
1.215736040609137
2.857142857142857
10.875432525951558
3.425531914893617
2.25
2.938775510204082
2.9642857142857144
3.25
2.4831460674157304
2.6666666666666665
2.119047619047619
4.910658307210031
7.180722891566265
3.9375
4
2.5
4.611111111111111
13.590909090909092
2.727272727272727
3.5714285714285716
5.454545454545454
3.2857142857142856
3.2222222222222223
2.65625
2
2.993006993006993
2.234567901234568
2
4.275109170305677
6.166666666666667
7.051020408163265
5.260869565217392
2.9849624060150375
3.8461538461538463
2.7419354838709675
5.638297872340425
2.043859649122807
3.111111111111111
4.68
1.679245283018868
4.53757225433526
4.44
3.2758620689655173
3.4
3
12.75
6.76595744680851
2.411764705882353
1.8571428571428572
2.037433155080214
3
4.787878787878788
5.345794392523365
3.782608695652174
2.689189189189189
5
2.888888888888889
2.227272727272727
2.8205128205128207
2.4
5.84
5.906976744186046
2.717391304347826
3.6923076923076925
4.430379746835443
2.5098039215686274
3.9655172413793105
4.121621621621622
1.9333333333333333
3.824858757062147
1.7647058823529411
4.756756756756757
4.415841584158416
4.8
13.11111111111111
2.8518518518518516
5.580952380952381
3.1607142857142856
4.989690721649485
2
2.3947368421052633
3.36734693877551
3.1578947368421053
3.02
1.96875
4.784810126582278
3.683673469387755
3.1785714285714284
3.2
3.4270833333333335
2.75
4.177215189873418
4.2272727272727275
4.989010989010989
2.0980392156862746
4.7555555555555555
4.315789473684211
1.8333333333333333
4.416938110749186
2.8333333333333335
3.7142857142857144
5.214285714285714
4.485714285714286
3.0625
4.333333333333333
7.975165562913907
2.7058823529411766
2.6666666666666665
3.5757575757575757
2.2222222222222223
6.372881355932203
2.469500924214418
4.587179487179487
2.9393939393939394
3.537974683544304
2.6153846153846154
4.48
3.772727272727273
4.566037735849057
7.502057613168724
5.891891891891892
5.82258064516129
2.898550724637681
3.8636363636363638
2.734513274336283
3.8641975308641974
5.47979797979798
4.555555555555555
2.238095238095238
4.021739130434782
2.4363636363636365
2.860869565217391
3.871794871794872
2.6363636363636362
4.434343434343434
1.3
3.2857142857142856
2.5714285714285716
4.9743589743589745
4.114285714285714
2.2280701754385963
2.2777777777777777
4
2.3870967741935485
2.7142857142857144
4.293478260869565
6.08
3.225806451612903
4.733333333333333
5.256410256410256
8.729166666666666
2.0654205607476634
3.9
3.1739130434782608
4.317073170731708
5.782608695652174
3.5
5.397590361445783
5.2
9.12
3.1232876712328768
2.0576923076923075
3.9375
5.354838709677419
4.231481481481482
3.6769230769230767
2.3278688524590163
7.306451612903226
3.8181818181818183
2.2051282051282053
2.903225806451613
5.271844660194175
8.713483146067416
5.961111111111111
4.983050847457627
6.41871921182266
4.0920245398773005
4.90625
2.35
2.087719298245614
2
6.246753246753247
4.236363636363636
5.173913043478261
5.681818181818182
1.0126582278481013
5.057971014492754
4.6
3.7037037037037037
2.1863636363636365
5.285714285714286
1.3953488372093024
3.8823529411764706
1.5
4.6761904761904765
5.7894736842105265
3.1
3.942528735632184
3.3403141361256545
3
15.03125
7.617283950617284
2.9359756097560976
3
3.7142857142857144
3.112676056338028
3.6333333333333333
3.319672131147541
5.25
4.253218884120171
2.2941176470588234
3
4.667574931880109
2.4017094017094016
5.728110599078341
2.8620689655172415
2.8
1.6
5.423948220064725
2.111111111111111
4.489510489510489
7.553191489361702
4.507177033492823
3.6728395061728394
2.5
5
2
2.888888888888889
5.609756097560975
2.8
13.711538461538462
13.839080459770114
3.8518518518518516
3.4210526315789473
3.3658536585365852
3.985074626865672
6.483870967741935
3.625
1.894736842105263
5.875
6.087912087912088
4.2
3.075
3.608695652173913
4.955102040816326
2.2298850574712645
5
3.4743589743589745
6.49746192893401
5.308571428571429
3.9166666666666665
6.326530612244898
5.25
2.3076923076923075
3
4.448275862068965
3.4827586206896552
3.140845070422535
4.2
4.333333333333333
3.5555555555555554
5.223300970873787
6.983050847457627
3.108695652173913
5.615384615384615
4.521367521367521
3.466666666666667
2
9.436974789915967
5.010309278350515
4.973333333333334
4.023076923076923
2.986666666666667
7.394833948339484
2.8636363636363638
4.391891891891892
4.7592592592592595
3.08
5.271028037383178
2.0952380952380953
7.014705882352941
2.5753424657534247
2.375
2
5.464285714285714
3.75
5.345679012345679
5.6
3.940677966101695
2.5555555555555554
5.529411764705882
4.705882352941177
5.946666666666666
4.855670103092783
3.135593220338983
4.523076923076923
4.722222222222222
4.142857142857143
2.9516129032258065
4.527272727272727
6.774193548387097
2.5555555555555554
6.666666666666667
2.8181818181818183
3.021978021978022
6.291390728476821
3.28125
6.1
3.8125
2.2222222222222223
2.2
1.9285714285714286
6.180555555555555
2.482142857142857
4.916666666666667
4.375
2.7426470588235294
4.169491525423729
5.9908675799086755
2.491228070175439
2.5686274509803924
2.8175675675675675
3.7708333333333335
3.347826086956522
4.934426229508197
1.0062972292191437
2.4
2.9076923076923076
3.85
5.149532710280374
4.164835164835165
2.6
2.6666666666666665
2.3636363636363638
4.7265625
3.9206349206349205
1.3235294117647058
3.283333333333333
6.237113402061856
4.5458015267175576
4.290322580645161
2
3.020408163265306
3.9814814814814814
2.5555555555555554
4.1923076923076925
5.223529411764706
2.0930232558139537
3
4.7073170731707314
1.3333333333333333
3.4347826086956523
4.68
7.596153846153846
3.225806451612903
3.3793103448275863
6.1558441558441555
4.7272727272727275
5.857142857142857
4.432098765432099
3.9166666666666665
5.6875
7.302452316076295
5.075757575757576
3.8
2.6
5.346153846153846
3.4186046511627906
7.688172043010753
1.5
7.75
3.3333333333333335
2.026315789473684
2.6666666666666665
6.921739130434783
6.9
4.46875
8.156626506024097
4.5
6.095238095238095
4.062271062271062
3.8857142857142857
3.1666666666666665
6.6521739130434785
4
2.411764705882353
3.572992700729927
4.166666666666667
4.552380952380952
3.8
4
2.6610169491525424
7.655172413793103
3.5
4.246376811594203
3.585858585858586
3.3076923076923075
2
2.508771929824561
2.388888888888889
5.7407407407407405
2.8333333333333335
1.0579710144927537
3.9130434782608696
2.3493975903614457
3.5918367346938775
3.180722891566265
2.372093023255814
6.586206896551724
2.903225806451613
5.110552763819095
4.36
2.6862745098039214
3.435114503816794
2.4716981132075473
2
2.5
4.777777777777778
4.426229508196721
3.4285714285714284
2.0689655172413794
2.2
5.892857142857143
3.7986577181208054
3.4285714285714284
2.1028571428571428
5.607142857142857
5.438356164383562
2.5238095238095237
4.5675675675675675
2.3088235294117645
5.8
5.098039215686274
5.7875
3.0588235294117645
3.12
1.9230769230769231
5.961937716262976
2.8666666666666667
2.08974358974359
6.96875
4.7272727272727275
1.4375
2.0833333333333335
4.595121951219512
2.676470588235294
3.9285714285714284
1.8679245283018868
2.1333333333333333
3.7435897435897436
4.4
2.8333333333333335
6.611111111111111
4.680555555555555
2.933333333333333
1.6666666666666667
2.242424242424242
5.333333333333333
3.876923076923077
2.0714285714285716
11.660377358490566
3.3846153846153846
2.1724137931034484
5.672131147540983
4.181818181818182
2.375
3.2545454545454544
3.6842105263157894
3.203125
3.675675675675676
3.533333333333333
11.132978723404255
5.185792349726776
4.2
3.824561403508772
3.2222222222222223
2.090909090909091
2.391304347826087
3.786096256684492
5.269230769230769
2.5714285714285716
4.76056338028169
4.367875647668394
2.7395833333333335
5.026490066225166
4.9787234042553195
2.1194029850746268
2.4285714285714284
2.742857142857143
4.780487804878049
2
5.065217391304348
2.8225806451612905
7.888059701492537
2
2.1666666666666665
3.3509933774834435
3.0344827586206895
2.7205882352941178
2.5344827586206895
5.386792452830188
4.181818181818182
5.851351351351352
3.898550724637681
6.578313253012048
5.25
6.072463768115942
3
4.631578947368421
3.129032258064516
4.84
5.845626072041166
2.448529411764706
2.8181818181818183
2.75
6.751861042183623
5.140350877192983
4.172839506172839
3.984126984126984
4.391891891891892
3.2656434474616294
3
5.081818181818182
3.2
5.610169491525424
3.8378378378378377
3.9302325581395348
4.633333333333334
4.456140350877193
3.727272727272727
10
2.1904761904761907
4.285714285714286
4.454545454545454
6.743589743589744
6
4.871559633027523
2.0714285714285716
5.148936170212766
2.1818181818181817
11.403669724770642
2
2.5
2.5232558139534884
5.2
4.103448275862069
4.064516129032258
4.36
3.411764705882353
2.8181818181818183
5.104854368932039
6.727598566308243
3.4444444444444446
2.4
2.4361702127659575
3.123809523809524
2.4285714285714284
2.8275862068965516
3.5483870967741935
4.08
2.625
2.7
3.238095238095238
1.9583333333333333
3
4.034090909090909
7.532258064516129
5.757894736842105
4.897435897435898
2.3684210526315788
4.588235294117647
2.3333333333333335
5.414285714285715
5.888888888888889
2.1041666666666665
3.618181818181818
6.348214285714286
4.0625
3.0625
4.857142857142857
9.038461538461538
9.355555555555556
3.4
4.5
3.449275362318841
23.45054945054945
2.6206896551724137
1.0163934426229508
2.5
5.608695652173913
5.445210199862164
4.976190476190476
2.6931818181818183
2
3.4295942720763724
7.953125
4.385786802030457
4.172413793103448
3.682926829268293
2.5
8.864077669902912
2.739130434782609
1.5
6.302631578947368
6.120689655172414
5.508771929824562
3.3333333333333335
2.0588235294117645
2.2758620689655173
1.5
3.2580645161290325
4.864864864864865
2.736842105263158
3.272727272727273
3.3125
3.3125
3.85
2.4615384615384617
3.646788990825688
5.370786516853933
5.75531914893617
2.476923076923077
4.304
4.961538461538462
5.255813953488372
2.336283185840708
2
4.177664974619289
8.125
3.8666666666666667
5.64
5.386363636363637
2.888888888888889
4.269662921348314
3.7142857142857144
1.8333333333333333
3.8333333333333335
5.570469798657718
2.4
7.253521126760563
3.2903225806451615
6.557377049180328
3.5714285714285716
5.119047619047619
2.6
4.153846153846154
5.81
5
2.50390625
5.3076923076923075
7.610526315789474
2.6458333333333335
3.37
1.903225806451613
11.083333333333334
8.026666666666667
5.628571428571429
6.428571428571429
2.888888888888889
4.585365853658536
3.187347931873479
3.292682926829268
4.75
3.7222222222222223
3.3402061855670104
2.1311475409836067
3.0296052631578947
3.7142857142857144
3.7142857142857144
1.1685393258426966
4.006711409395973
7.1931034482758625
4.829268292682927
6.83625730994152
8.783088235294118
2.6666666666666665
1.5
4.46875
2.5176470588235293
4.9743589743589745
7.382978723404255
4.222222222222222
7
4.666666666666667
2.357142857142857
2.6
2.588235294117647
2.707692307692308
7.230769230769231
4.585365853658536
4.584905660377358
2.675213675213675
3.3457943925233646
7.218181818181818
3.756838905775076
3.5692307692307694
3.8552631578947367
2.857142857142857
3.6666666666666665
2
5.235294117647059
2.5961538461538463
4.575
4.4324324324324325
12.880952380952381
4.601351351351352
4.811764705882353
4.45925925925926
3.75
5.287671232876712
2.25
6.609756097560975
5.119718309859155
3.4727272727272727
4.111111111111111
3
5.560117302052786
6
1.5909090909090908
6.36734693877551
2.5652173913043477
3.1052631578947367
3.3333333333333335
2.40625
7.426829268292683
2.515151515151515
3.647887323943662
2.9545454545454546
2.52
3.7564102564102564
3.847457627118644
5.208333333333333
3.3092783505154637
7.484848484848484
4.451612903225806
3.230769230769231
2.6166666666666667
4.75
6.338709677419355
5.119047619047619
2.5
4.722222222222222
4.388888888888889
1.8888888888888888
5.477611940298507
2.618181818181818
3.9473684210526314
2.5714285714285716
4.392857142857143
6
2.1923076923076925
3.517857142857143
4.136363636363637
4.218543046357616
3.7777777777777777
10.729166666666666
5.671850699844479
2.475
3.1818181818181817
2.6161616161616164
3.7
3.3333333333333335
1.1132075471698113
6.711538461538462
4.0606060606060606
3.551470588235294
3.036363636363636
4.568965517241379
3.8444444444444446
4.314102564102564
4.25
5.05
2.382978723404255
5.9411764705882355
3.9
2.1666666666666665
2.236842105263158
6.5
5.28921568627451
3.125
2.3636363636363638
1.28125
3.3125
4.783505154639175
3.090909090909091
5
3.1052631578947367
5.870036101083032
4.536585365853658
4.173076923076923
3.515151515151515
3.310810810810811
2.372093023255814
7.345679012345679
2.764705882352941
5.305084745762712
3.9
8.222222222222221
3.4193548387096775
2.984251968503937
6.071428571428571
4.575757575757576
5.108695652173913
3.36046511627907
2.6470588235294117
6.7272727272727275
4.068181818181818
6.344827586206897
2.769230769230769
4.0982367758186395
1.5844155844155845
1.513089005235602
3.19672131147541
2
2.984126984126984
2.358695652173913
2.6222222222222222
3.5
4
3.5058823529411764
6.391304347826087
3
6.4655172413793105
3.3333333333333335
4.6
3.9508196721311477
7.082802547770701
6.016393442622951
2.4444444444444446
5.411764705882353
3.422222222222222
2.6226415094339623
6.758333333333334
2.5
6.766129032258065
3.6885245901639343
2.4285714285714284
4.294117647058823
9.5625
2.2264150943396226
2.9166666666666665
4.929577464788732
2.4174757281553396
3.952830188679245
3.735294117647059
3.6037735849056602
2.7
3.7448275862068967
2.0297029702970297
3.1253731343283584
5.1
4
3.4157303370786516
9.326923076923077
6.442857142857143
3.6470588235294117
3.25
3.036363636363636
3.1041666666666665
3.6538461538461537
3.745614035087719
2.683333333333333
6.486111111111111
4.654545454545454
4.214285714285714
3.7222222222222223
7.421686746987952
6.514018691588785
2
4.081632653061225
5.797071129707113
6.582456140350877
3.0148148148148146
2.1411764705882352
2.2222222222222223
4.5
2.3777777777777778
6.62962962962963
5.146341463414634
3.5977011494252875
3.036363636363636
3.8333333333333335
7.551020408163265
2.3797101449275364
5.530769230769231
4.157894736842105
4.625
5.833333333333333
3.3125
1.8387096774193548
3.962962962962963
3.02
2.638888888888889
3.9604519774011298
2.087719298245614
5.836448598130841
3.2274368231046933
4.205882352941177
5.183279742765273
3.40625
4.553571428571429
2
2.71
3
2.0714285714285716
3.2823529411764705
5.087719298245614
1.2297297297297298
4.34020618556701
5.289719626168225
5.612903225806452
3.4444444444444446
4.235294117647059
5.0673076923076925
7.2105263157894735
8.438943894389439
2.4339622641509435
4
3.37125748502994
2.253846153846154
2.875
3.6818181818181817
4.9222222222222225
3.4
5.443425076452599
3.6320754716981134
2.4375
2.625
3.2222222222222223
2.0780669144981414
3.8857142857142857
7.706122448979592
3.8092485549132946
2.72
2.7560975609756095
2.905263157894737
3.6231884057971016
4
3.289719626168224
3.3333333333333335
7.855072463768116
5.340909090909091
2.2857142857142856
3.15
2.72972972972973
6.111111111111111
3.873015873015873
3.9473684210526314
3.7837837837837838
5.739130434782608
2.869565217391304
3
3.0689655172413794
5
2.7777777777777777
3.9689655172413794
2.34375
4.4
2.684931506849315
2.3333333333333335
7.658914728682171
4.913461538461538
2.838709677419355
5.481481481481482
2.5
3.4651162790697674
3.054054054054054
5.101010101010101
4.014388489208633
5.008097165991903
4.125
1.6071428571428572
2.2
3.619047619047619
2.5625
2.4444444444444446
3.436974789915966
3.1016949152542375
4.549019607843137
2.831168831168831
3.1842105263157894
3
2.953216374269006
4.576271186440678
4.162162162162162
3.9375
7.352941176470588
1.7058823529411764
3.0869565217391304
2.7419354838709675
8.375
5.35
4.396865203761755
3.8181818181818183
2.4508670520231215
5.195804195804196
8.833333333333334
3.130434782608696
5.569767441860465
2.619565217391304
8.446428571428571
1.4711538461538463
11.058823529411764
2.6774193548387095
4.0588235294117645
4
4.2254901960784315
4.243243243243243
2.8
2.4814814814814814
4.0625
5.35064935064935
4.415730337078652
3.5057471264367814
3.3333333333333335
2.2364864864864864
5.931818181818182
3
4.850746268656716
3.5925925925925926
2.926605504587156
6.933852140077821
3.267326732673267
4.729166666666667
5.1607843137254905
4.333333333333333
6.741071428571429
3.376068376068376
3.4823529411764707
4.530054644808743
7.384615384615385
2.923076923076923
2.923076923076923
13.345238095238095
4.842465753424658
2.5
4.9375
4.132530120481928
5.2727272727272725
3.1746031746031744
4.231481481481482
2
4.5
2.5405405405405403
3.5789473684210527
6.173913043478261
5.596153846153846
3.097560975609756
3.909090909090909
5.093023255813954
5.492537313432836
3.1458333333333335
5.145985401459854
4.447368421052632
3.6551724137931036
8.02127659574468
4.3076923076923075
3.3248730964467006
4.535714285714286
3.1792452830188678
3.5701754385964914
1.3888888888888888
4.5
6.181818181818182
2.7906976744186047
3.9318181818181817
6.576470588235294
3.353846153846154
7.698795180722891
1.9655172413793103
5.033333333333333
6.880597014925373
2.506666666666667
4.529411764705882
7.627450980392157
2.686046511627907
3.466666666666667
4.355555555555555
3.186046511627907
4.798941798941799
5.669354838709677
3
2.4
5.305732484076433
3.217391304347826
2.597560975609756
3.8974358974358974
5.974806201550388
4
1.8946078431372548
2.748148148148148
2.877551020408163
5.048780487804878
4.837837837837838
6.517857142857143
2.933333333333333
4.5
7.075949367088608
3.0945945945945947
4.294117647058823
2.9534313725490198
3.5824175824175826
3.358490566037736
5.477528089887641
3
2.8948863636363638
2.7
3.090909090909091
4.12280701754386
3
1.6666666666666667
13.136894824707847
5.05
5.291666666666667
5.3028747433264884
6.112781954887218
5.055555555555555
2.752
3.611111111111111
5.092592592592593
9.364864864864865
5.6
7.055555555555555
1.4090909090909092
4.017241379310345
3.074074074074074
5.526315789473684
2.918918918918919
2.029850746268657
3
2.1
2.9726027397260273
4.7272727272727275
4.6
2.5045871559633026
5.117647058823529
2
4.107142857142857
3.7333333333333334
4.75
5.3125
5.366336633663367
4.017857142857143
4.222222222222222
2.75
2.7560975609756095
4.131147540983607
4.409302325581395
3.2755102040816326
2.5
3.772727272727273
3.825
2.608433734939759
4.078651685393258
3.4365079365079363
2.183406113537118
1.0925925925925926
2
4
5.142857142857143
2.744186046511628
2.0526315789473686
3.066666666666667
2.5277777777777777
4.285714285714286
2.6865671641791047
2.5952380952380953
4.733333333333333
2.76056338028169
3.0125
2.5
2.764705882352941
4
4.11968085106383
2.2666666666666666
4.0256410256410255
6.186046511627907
4.86449864498645
6.123287671232877
3.982456140350877
5.212121212121212
5.117647058823529
3.522727272727273
4.709090909090909
4.725806451612903
1.0137741046831956
5.363636363636363
4.053333333333334
4.2926829268292686
3.1285714285714286
5.508196721311475
3.4
5.637931034482759
8.857142857142858
5.483870967741935
8
2.2409638554216866
1.3529411764705883
2.5
2.473684210526316
3.44
6.434782608695652
5.362068965517241
3.6595744680851063
3.2241379310344827
4.555555555555555
4.851485148514851
6.670454545454546
3.9414893617021276
2.111111111111111
1.914179104477612
3.223826714801444
4.183333333333334
2.2051282051282053
2.9615384615384617
4.078616352201258
2.297872340425532
6.568965517241379
6.437037037037037
6.444444444444445
3.759493670886076
4.17948717948718
2.463917525773196
4.285714285714286
7.235849056603773
2.037037037037037
4.08
5.909090909090909
6.8604651162790695
3.5090909090909093
8.49438202247191
3.896
4.0144927536231885
3.275
4.636363636363637
2.2
3.6842105263157894
2.808219178082192
2.2666666666666666
3.328125
4.322033898305085
2.973333333333333
2.1904761904761907
2.25
2.782608695652174
2.689655172413793
4.333333333333333
2
1.975
9.291139240506329
9.926829268292684
5.372340425531915
5.3
2.569620253164557
1.9090909090909092
2.5
4.698347107438017
2.6363636363636362
5.236593059936909
4.540229885057471
3.314878892733564
3.9682539682539684
4.685185185185185
3.6
6.068627450980392
5.195774647887324
2.9444444444444446
2.75
2.342857142857143
5.566757493188011
4.5
2.5441176470588234
4.666666666666667
4.018867924528302
3.769911504424779
5.96545768566494
6.459016393442623
3.3835616438356166
6.283333333333333
5.444444444444445
5.65625
2.1944444444444446
2.6818181818181817
2.3333333333333335
1.4782608695652173
3
5.426086956521739
6.288135593220339
5.787234042553192
4.974025974025974
5.213836477987422
3.8444444444444446
3.3333333333333335
5.431549028896257
5.45945945945946
4.7254901960784315
2.909090909090909
4.65
4.25
3.5223880597014925
2.4942528735632186
9.666666666666666
3.066666666666667
2.642857142857143
2.357142857142857
4.822784810126582
2
4.033898305084746
5.225791647544745
2.9857142857142858
5.294117647058823
2.5555555555555554
5.484375
4.3544303797468356
3.689655172413793
2.25
3
6.333333333333333
3.8853503184713376
5.517241379310345
1.8571428571428572
3.4571428571428573
4.316831683168317
4.026666666666666
4.925619834710743
5.363636363636363
5.253333333333333
5.176470588235294
2.4545454545454546
4.833333333333333
2.9411764705882355
3.3793103448275863
5.869565217391305
5.39622641509434
2.4285714285714284
4.222222222222222
3.6699029126213594
3
3.0588235294117645
1.8571428571428572
2.8
4.853658536585366
3.95
1.2
3.5
4.266666666666667
2.3048780487804876
2.375
2.116279069767442
