18
1
2
2
138
34
1
26
21
2
11
1
6
13
2
4
1
17
20
1
30
11
23
2
6
10
3
2
3
79
4
2
91
6
2
22
2
423
2
1
4
1
2
49
11
16
1
3
13
1
1
20
6
1
13
1
3
1
23
1600
33
1
38
1
10
2
5
99
95
30
7
28
29
25
1
3
12
2
3
13
3
1
23
1
20
26
1
4
70
6
10
3
15
2
2
25
45
7
16
7
1
12
2
16
1
4
1
21
3
1
2
1
5
102
6
212
4
2
73
16
2
3
17
2
1
3
8
4
33
1
38
10
102
1
2
2
15
8
3
1
189
1
17
13
2
2
96
33
1
1
13
98
63
1
2
58
11
13
8
11
2
1
72
11
2
86
5
1
4
14
9
1
12
1
2
38
20
20
61
11
1
2
14
45
7
11
28
32
8
3
38
128
3
6
32
8
2
27
1
15
10
8
18
20
3
26
17
3
1
4
1
34
168
1
2
5
8
13
5
2
25
3
119
1
1
4
2
6
13
35
4
16
1
1
3
1
3
183
14
1
1
251
1
3
1
29
1
2
2
6
1
5
2
1
47
1
4
2
30
8
1
1
1
1
1
2
11
1
40
5
9
69
20
16
48
12
2
2
1
2
1
1
3
25
5
4
1
36
66
3
3
16
1
5
227
21
12
4
1
124
20
8
2
2
1
48
7
3
9
9
1
1
3
62
57
2
66
39
14
1
5
3
3
6
38
1
1
2
36
1
2
3
1
2
1
3
4
8
1
1
46
1
13
7
1
2
12
6
10
2
49
2
93
10
24
1
1
3
3
37
1
23
1
49
12
1
2
16
3
1
2
28
14
1
4
3
1
1
2
5
1
2
8
10
24
4
2
4
1
1
1
47
206
141
2
15
2
1
3
83
1
1
1
1
16
4
1
2
1
2
18
14
6
40
13
13
1
1
27
1
12
136
1
1
4
15
2
21
1
1
1
1
2
15
9
1
2
11
7
2
21
14
37
2
1
41
33
7
1
1
14
120
5
27
13
2
5
2
21
2
6
1
5
4
3
1
4
11
5
1
2
21
20
1
6
19
1
9
31
1
35
10
10
9
5
6
30
1
600
20
15
3
14
37
1
18
13
5
1
10
7
22
1
57
15
7
1
19
24
32
1
1
9
22
8
29
58
24
58
2
3
3
1
3
10
6
2
19
2
8
2
1
4
116
203
2
1
2
2
1
6
1
1
3
39
27
9
1
8
6
8
9
41
19
2
20
411
2
1
208
221
3
16
1
8
1
1
16
6
19
20
3
2
14
3
201
1
1
28
1
12
18
2
1
1
116
2
11
1
1
1
12
15
3
1
1
7
1
1
8
1
1
10
24
1
1
41
1
5
35
11
1
1
30
10
1
43
13
4
32
1
6
1
12
1
7
2
122
1
2
5
4
45
10
19
9
63
1
17
33
4
1
2
8
8
5
4
73
1
20
21
28
1
2
14
2
1
97
3
3
2
2
109
1
59
3
7
2
1
26
36
3
1
2
3
16
14
1
3
2
2
12
9
17
2
26
4
1
20
1
15
68
11
1
2
31
176
2
11
18
1
20
2
5
1
6
1
1
231
18
1
3
6
34
1
1
1
1
2
33
1
2
69
49
1
8
13
4
24
2
1
3
4
13
1
340
3
2
1
18
4
1
98
3
38
11
9
3
1
6
19
2
17
17
1
1
97
1
7
11
6
14
1
64
2
10
59
84
1
1
7
17
104
4
12
14
19
1
1
1
1
57
39
1
3
43
37
1
2
2
4
6
2
1
36
27
2
5
145
36
1
1
9
1
16
1
9
1
1
10
22
1
23
2
1
1
1
1
27
1
2
3
1
1
1
4
36
39
14
3
4
4
3
139
15
12
2
1
1
97
8
25
15
4
1
2
2
6
32
2
6
2
1
1
23
11
4
2
1
9
5
2
89
14
1
2
39
2
40
9
17
15
1
1
1
3
2
13
2
1
1
59
46
2
2
1
1
372
32
2
4
1
71
1
9
1
1
4
1
11
1
5
26
10
2
1
1
808
10
4
7
7
2
80
1
8
71
3
11
1
2
1
39
562
21
11
21
2
1
3
12
42
15
11
16
283
77
1
1
1
31
20
14
2
1
13
1
97
16
58
1
3
1
11
7
24
1
2
1
1
1
4
2
75
1
4
2
24
44
1
1
22
3
117
3
24
9
14
4
289
3
61
2
47
24
2
4
8
11
1
9
1
7
23
1
1
1
2
18
20
2
33
87
18
9
4
8
9
4
3
1
1
11
2
2
10
14
11
4
88
2
1
3
2
1
12
1
1
3
6
2
2
40
2
19
28
3
6
1
1
2
5
11
3
8
31
2
5
1
9
2
70
1
13
32
7
1
1
184
14
1
74
79
1
1
56
4
1
1
6
127
11
12
22
44
6
1086
13
1
7
19
1
2
2
10
1
2
44
2
2
1
49
3
2
3
4
14
1
1
1
11
1
45
4
10
37
1
4
3
1053
4
21
28
1
44
14
18
1
5
1
1
2
29
5
14
42
16
6
7
9
20
1
1
1
8
2
3
4
29
7
1
30
1
1
1
15
6
1
14
52
4
5
1
48
1
1
3
97
1
3
1
2
32
2
2
2
22
49
2
259
2
14
1
2
1
48
12
23
1
7
2
2
25
4
3
575
33
5
136
3
10
45
1
2
19
1
1
1
2
1
1
1
2
8
6
14
9
1
6
6
1
1
2
99
1
8
4
8
1
48
1
462
44
14
3
13
2
1
2
22
7
87
1
1
18
7
5
7
1
1
82
1
6
17
1
2
2
56
1
1
100
2
13
15
4
1
61
3
1
29
1
2
6
10
34
1
1
1
21
48
2
2
19
8
12
6
1
1
2
4
1
2
1
1
1
18
1
10
22
5
42
1
35
10
2
39
2
1
2
4
16
26
28
1
1
13
2
7
13
19
2
2
15
30
21
1
1
2
16
12
24
99
87
34
8
1
1
30
20
160
3
1
1
2
3
1
5
1
1
98
56
1
19
2
1
6
1
32
37
3
2
1
1
42
10
3
46
1
17
1
1
2
8
1
23
14
3
1
2
1
17
3
45
1
41
5
125
32
49
13
14
1
7
7
1
2
204
5
55
1
4
41
22
6
12
1
21
3
1
16
2
4
5
15
27
30
2
114
147
36
3
1
2
2
1
14
25
37
24
1
6
8
246
1
16
31
241
4
1
51
2
4
3
10
1
10
2
5
4
14
25
4
2
17
3
4
1
3
5
3
4
