0.16666666666666666
0.0
0.0
2.520833333333333
7.729166666666667
0.0
0.041666666666666664
2.333333333333333
0.14583333333333331
1.5
0.0
0.041666666666666664
0.35416666666666663
9.125
0.4375
0.0625
0.041666666666666664
0.3125
0.0
1.5
0.08333333333333333
0.5625
2.9166666666666665
2.1666666666666665
0.041666666666666664
0.4166666666666667
0.0
0.041666666666666664
0.08333333333333333
0.3333333333333333
0.08333333333333333
0.2916666666666667
0.7083333333333334
0.0
6.8125
0.0
3.375
3.9166666666666665
0.08333333333333333
0.0
4.0
0.125
0.375
1.5
1.2708333333333333
0.041666666666666664
0.0
0.3333333333333333
0.25
0.16666666666666666
2.0
2.4583333333333335
0.0
0.9166666666666666
0.16666666666666666
0.375
0.7916666666666666
0.041666666666666664
0.041666666666666664
0.0
0.125
1.4583333333333333
0.0
0.0
0.2916666666666667
0.6666666666666666
5.833333333333333
3.979166666666667
5.375
2.5
0.875
0.0
0.0
0.041666666666666664
0.75
0.25
0.5833333333333334
0.14583333333333331
0.0
0.1875
0.9583333333333333
0.041666666666666664
0.20833333333333334
0.8333333333333334
0.0
0.08333333333333333
1.0
0.0
0.0
1.4166666666666667
0.5208333333333333
0.0
0.0
0.9166666666666666
0.0
0.125
0.16666666666666666
1.0
0.16666666666666666
0.0
0.041666666666666664
0.0
0.75
0.0
0.041666666666666664
6.4375
0.9583333333333334
1.9791666666666665
9.166666666666666
0.0
0.041666666666666664
5.0
1.7916666666666667
0.0
0.8958333333333333
1.9791666666666665
2.4583333333333335
0.0
1.0
0.0
1.6041666666666665
0.08333333333333333
0.08333333333333333
6.0
4.6875
0.16666666666666666
1.5416666666666667
0.0
0.041666666666666664
0.0
0.041666666666666664
0.375
4.5
0.0
2.1666666666666665
3.291666666666667
0.9583333333333334
13.75
0.0
0.20833333333333334
0.0
1.6041666666666665
0.08333333333333333
2.375
0.125
0.041666666666666664
1.4166666666666667
1.0208333333333335
0.4583333333333333
0.041666666666666664
0.375
0.0
0.041666666666666664
0.041666666666666664
0.0
2.0416666666666665
1.8541666666666665
0.0
1.0
0.08333333333333333
0.0
2.1875
0.25
0.0
0.0
0.0
0.3125
1.5416666666666667
0.041666666666666664
0.10416666666666666
0.041666666666666664
0.0
0.0
0.0
4.125
2.2083333333333335
1.7083333333333333
0.75
0.0
4.666666666666667
1.125
0.875
0.4166666666666667
0.041666666666666664
0.041666666666666664
0.75
1.1458333333333335
1.0
8.625
2.5833333333333335
1.4583333333333333
0.0
0.0
0.041666666666666664
6.3125
0.20833333333333334
0.0
0.041666666666666664
0.041666666666666664
6.041666666666667
2.520833333333333
0.041666666666666664
0.041666666666666664
0.25
0.0
0.08333333333333333
4.875
4.083333333333333
0.8333333333333334
0.08333333333333333
0.125
1.6458333333333333
0.5416666666666666
8.208333333333334
0.125
0.375
0.7916666666666666
0.25
3.9583333333333335
0.0
0.5833333333333334
0.4583333333333333
1.25
0.041666666666666664
0.0
6.979166666666666
0.041666666666666664
4.583333333333333
0.0
3.7916666666666665
2.6875
0.041666666666666664
0.041666666666666664
0.16666666666666666
0.16666666666666666
2.2083333333333335
10.5
0.125
0.0
0.041666666666666664
0.041666666666666664
0.22916666666666669
0.08333333333333333
2.375
2.354166666666667
0.0
9.229166666666666
1.5208333333333335
0.7916666666666666
0.041666666666666664
1.5833333333333333
0.9166666666666666
0.0
0.5625
1.7083333333333333
0.041666666666666664
4.458333333333333
0.041666666666666664
0.0
0.0
0.2916666666666667
0.0
0.29166666666666663
3.7083333333333335
2.9583333333333335
4.125
3.75
0.0
1.4583333333333333
0.08333333333333333
0.0
0.041666666666666664
2.2083333333333335
0.125
0.6666666666666666
0.0
0.08333333333333333
0.20833333333333334
0.0
0.0
2.395833333333333
0.0
0.0625
0.0
0.25
2.9166666666666665
0.8541666666666667
1.0416666666666665
2.958333333333333
0.0
0.0
0.0
0.0
0.08333333333333333
0.125
0.9791666666666667
2.916666666666667
0.0
0.3333333333333333
0.20833333333333334
6.895833333333334
0.16666666666666666
0.125
0.041666666666666664
5.541666666666666
4.833333333333333
0.041666666666666664
2.166666666666667
0.041666666666666664
0.9166666666666666
0.125
3.2916666666666665
0.5833333333333334
0.08333333333333333
0.7708333333333333
0.08333333333333333
1.5833333333333335
0.08333333333333333
0.2916666666666667
5.0
7.104166666666666
0.08333333333333333
3.9583333333333335
0.9166666666666666
1.4583333333333333
3.3333333333333335
0.041666666666666664
0.08333333333333333
0.08333333333333333
10.25
2.6666666666666665
0.39583333333333337
2.25
1.25
0.4583333333333333
0.041666666666666664
0.0
0.0
0.0
3.8333333333333335
7.875
0.33333333333333337
0.16666666666666666
0.6666666666666666
3.9166666666666665
0.0
5.208333333333333
3.3958333333333335
0.041666666666666664
0.22916666666666669
2.0833333333333335
1.375
0.041666666666666664
0.0
0.0
5.229166666666666
0.0
0.0
0.9166666666666666
0.0
0.20833333333333334
2.75
0.75
1.375
3.25
0.08333333333333333
9.125
0.4583333333333333
0.08333333333333333
8.416666666666666
2.2083333333333335
2.9583333333333335
0.125
0.14583333333333331
2.1666666666666665
0.0
0.08333333333333333
0.75
0.0
1.4166666666666667
0.25
0.9583333333333334
6.020833333333333
1.125
0.041666666666666664
0.0
0.0
10.25
0.4375
0.20833333333333334
0.041666666666666664
7.645833333333334
0.4166666666666667
0.0
11.708333333333334
3.875
0.2916666666666667
0.041666666666666664
0.75
2.6666666666666665
0.625
2.916666666666667
7.520833333333334
0.041666666666666664
0.4166666666666667
0.125
1.0208333333333335
7.041666666666667
0.10416666666666666
0.2916666666666667
0.9583333333333334
0.625
1.7916666666666667
2.125
0.5
0.08333333333333333
0.0
2.375
0.0
0.08333333333333333
0.0
0.08333333333333333
6.625
4.1875
0.125
4.458333333333333
0.020833333333333332
0.0
0.041666666666666664
0.08333333333333333
3.7916666666666665
0.20833333333333334
1.2708333333333335
1.0208333333333335
0.0
1.125
0.08333333333333333
0.0
0.08333333333333333
0.5833333333333334
4.791666666666667
0.4375
0.08333333333333333
0.041666666666666664
1.9375
0.0
2.375
0.0
0.0
0.041666666666666664
0.0
0.20833333333333334
0.0
0.0
1.3333333333333333
8.291666666666668
0.041666666666666664
0.0
0.20833333333333334
0.041666666666666664
0.16666666666666666
0.0
0.125
0.08333333333333333
3.75
0.3333333333333333
0.041666666666666664
0.27083333333333337
0.0
1.1458333333333335
0.041666666666666664
0.75
0.25
2.2916666666666665
0.0
0.041666666666666664
0.0
0.14583333333333331
0.041666666666666664
1.4583333333333333
0.25
0.041666666666666664
9.0
0.08333333333333333
0.5833333333333334
3.354166666666667
1.2916666666666667
0.0
0.7916666666666667
7.208333333333333
0.16666666666666666
1.375
0.0
1.9583333333333333
0.125
0.0
0.041666666666666664
0.0625
0.20833333333333334
0.6666666666666666
3.4791666666666665
0.041666666666666664
0.041666666666666664
0.25
2.416666666666667
0.0
2.75
0.0
4.5
0.0
0.9583333333333334
0.0
1.0
4.5
0.08333333333333333
0.0
0.0
4.020833333333334
1.1875
0.0
0.041666666666666664
0.0
2.4166666666666665
0.5208333333333333
10.0
2.2916666666666665
0.041666666666666664
0.0
0.041666666666666664
0.0
1.1666666666666667
0.0
1.4166666666666667
0.125
0.0
0.4583333333333333
0.0
0.2916666666666667
0.875
1.4583333333333333
2.625
0.041666666666666664
1.2083333333333333
3.9375
2.291666666666667
0.5
0.0
0.041666666666666664
0.20833333333333334
0.0
3.9791666666666665
0.041666666666666664
7.166666666666667
0.0
0.08333333333333333
0.0
1.0
0.4166666666666667
0.0
0.25
0.9375
0.0625
0.041666666666666664
2.0416666666666665
0.875
5.708333333333333
0.0
0.4166666666666667
0.375
2.333333333333333
1.0208333333333335
0.25
0.041666666666666664
0.0
0.041666666666666664
0.0
0.5416666666666666
1.9583333333333333
1.7916666666666665
3.333333333333333
0.16666666666666666
0.375
6.458333333333334
0.0
2.25
1.375
3.9583333333333335
3.7916666666666665
0.041666666666666664
1.6875
0.0
2.0833333333333335
5.75
0.08333333333333333
0.0
0.10416666666666666
5.6875
3.3333333333333335
1.5208333333333335
4.729166666666666
4.75
0.0
0.0
0.875
0.0
5.041666666666667
0.041666666666666664
0.47916666666666663
0.041666666666666664
0.10416666666666666
5.0
1.1041666666666665
0.2916666666666667
1.0208333333333335
4.708333333333333
0.0
0.0
6.5625
2.020833333333333
0.0
0.041666666666666664
0.7916666666666666
0.041666666666666664
0.125
0.041666666666666664
0.0
1.2083333333333335
0.041666666666666664
0.0
1.625
0.0
0.125
0.0
2.479166666666667
4.125
0.08333333333333333
2.0416666666666665
0.9166666666666666
0.625
0.0
0.9166666666666667
0.041666666666666664
3.375
0.041666666666666664
0.0
0.0
0.0
0.20833333333333331
1.7083333333333335
0.0
0.0
0.16666666666666666
0.6041666666666667
0.041666666666666664
1.6041666666666667
5.208333333333334
0.041666666666666664
0.041666666666666664
1.4583333333333333
0.0
0.4375
0.25
0.041666666666666664
0.041666666666666664
0.0
0.041666666666666664
0.2916666666666667
0.4166666666666667
0.5
4.6875
0.0
5.916666666666666
2.854166666666667
3.8333333333333335
0.0
0.08333333333333333
0.27083333333333337
0.0
0.041666666666666664
0.0
0.041666666666666664
0.0
0.9583333333333334
0.0
0.08333333333333333
0.041666666666666664
0.0
0.041666666666666664
0.375
0.0
0.041666666666666664
0.0
3.8333333333333335
1.0416666666666667
3.4166666666666665
0.10416666666666666
0.7916666666666666
1.0833333333333333
0.041666666666666664
1.5833333333333333
1.9583333333333333
0.8333333333333334
0.10416666666666666
5.791666666666667
1.25
2.0416666666666665
0.0
0.6875
0.041666666666666664
0.5416666666666666
0.041666666666666664
0.0
0.16666666666666666
0.08333333333333333
0.2916666666666667
0.0
0.041666666666666664
0.0
0.041666666666666664
0.0
0.35416666666666663
0.08333333333333333
2.0833333333333335
0.041666666666666664
1.3333333333333333
0.0
0.041666666666666664
0.0
3.041666666666667
4.083333333333333
2.229166666666667
0.041666666666666664
0.875
0.27083333333333337
0.0
0.041666666666666664
0.0
0.375
2.3333333333333335
0.1875
0.20833333333333331
0.08333333333333333
0.0
0.0
0.08333333333333333
0.0
0.041666666666666664
0.0
2.75
0.4166666666666667
1.8333333333333333
0.0
0.0
0.041666666666666664
0.0
2.9583333333333335
0.0
2.0
2.5
1.7291666666666665
0.041666666666666664
5.125
0.0
0.0
0.0
0.9166666666666666
1.4166666666666665
0.0
0.0
0.0
0.041666666666666664
0.0
0.3333333333333333
0.0
0.125
0.8541666666666666
0.041666666666666664
4.75
0.08333333333333333
0.0
0.625
4.625
0.16666666666666666
0.041666666666666664
0.041666666666666664
4.958333333333333
0.0625
1.4791666666666665
1.2916666666666665
0.0
0.0
5.020833333333333
0.041666666666666664
1.75
0.0
0.16666666666666666
0.041666666666666664
0.0
0.9375
0.125
0.3333333333333333
0.041666666666666664
0.0
0.0
1.5416666666666667
2.6666666666666665
0.47916666666666663
0.125
0.0
5.083333333333333
0.041666666666666664
2.6666666666666665
0.25
0.020833333333333332
1.75
0.0
0.41666666666666663
0.0
0.0
0.16666666666666666
0.375
0.041666666666666664
0.9375
0.041666666666666664
0.7083333333333334
0.0
0.0
0.0
0.0
3.8125
0.0
0.6666666666666666
1.8541666666666665
0.125
0.10416666666666666
0.041666666666666664
0.041666666666666664
0.0
0.20833333333333334
6.458333333333334
3.3333333333333335
2.875
2.0416666666666665
3.604166666666667
0.0
0.041666666666666664
0.9166666666666666
2.375
2.2083333333333335
0.0
0.0
0.041666666666666664
1.2083333333333333
0.20833333333333334
2.625
0.5
0.5833333333333334
0.041666666666666664
0.125
0.041666666666666664
2.1875
0.041666666666666664
0.041666666666666664
0.0625
0.0
0.041666666666666664
0.4583333333333333
0.041666666666666664
0.08333333333333333
1.0833333333333333
0.08333333333333333
0.041666666666666664
0.0
0.16666666666666666
0.20833333333333334
0.2916666666666667
0.9583333333333334
0.0
0.0
0.0
0.0
0.041666666666666664
0.041666666666666664
0.0
0.0
1.125
0.0
0.041666666666666664
0.0
0.20833333333333334
0.25
0.22916666666666669
0.0
0.0
0.0
0.75
0.9583333333333334
1.0
1.125
1.4791666666666667
0.0
0.0
0.041666666666666664
0.3125
0.041666666666666664
1.0833333333333333
0.041666666666666664
0.375
2.458333333333333
0.7083333333333333
2.25
4.541666666666667
0.0
0.0
0.0
0.25
0.041666666666666664
0.041666666666666664
0.041666666666666664
0.7291666666666667
0.125
0.0
0.0
0.041666666666666664
0.10416666666666666
0.0
0.08333333333333333
0.875
0.0625
0.041666666666666664
0.0
0.8958333333333333
1.0
1.9791666666666665
1.75
0.0
0.0
1.9166666666666667
0.125
0.0
0.20833333333333334
1.2916666666666665
0.22916666666666669
0.20833333333333334
0.0
0.0
0.0
0.75
0.0
1.8333333333333333
0.0
0.20833333333333334
4.166666666666667
0.9583333333333334
0.4166666666666667
0.041666666666666664
0.0
0.0
0.0
0.041666666666666664
0.0
0.041666666666666664
0.041666666666666664
0.0
0.0
2.0
0.0
0.0
0.0
0.0
0.041666666666666664
0.7916666666666666
0.0
0.041666666666666664
0.08333333333333333
0.041666666666666664
0.875
0.0
0.08333333333333333
0.4583333333333333
0.125
0.041666666666666664
0.0
0.0
0.020833333333333332
0.0
0.0
2.5625
0.0
0.0
0.16666666666666666
0.0
0.041666666666666664
0.041666666666666664
0.041666666666666664
0.5
0.041666666666666664
1.0
0.08333333333333333
1.8333333333333335
0.0
0.375
0.4375
0.041666666666666664
0.0
0.041666666666666664
0.08333333333333333
0.8125
0.0
1.4375
0.041666666666666664
0.041666666666666664
0.6458333333333334
0.041666666666666664
0.5416666666666667
0.041666666666666664
0.0
1.1875
0.0
2.125
0.7083333333333334
0.041666666666666664
0.041666666666666664
0.8125
0.5208333333333333
0.16666666666666666
0.0
1.9791666666666665
1.125
1.9791666666666665
0.0
0.0
0.041666666666666664
0.9583333333333334
0.041666666666666664
0.2916666666666667
0.041666666666666664
0.0
0.0
0.375
0.2916666666666667
0.0
0.0
0.041666666666666664
1.125
0.0
0.041666666666666664
0.25
2.979166666666667
0.0
0.08333333333333333
1.8333333333333333
0.5416666666666666
0.125
0.6666666666666666
0.16666666666666666
1.875
0.25
0.22916666666666669
0.0
1.1666666666666667
0.0
0.375
5.229166666666666
0.29166666666666663
3.0416666666666665
0.125
0.020833333333333332
0.0
2.041666666666667
0.041666666666666664
0.125
0.0
0.08333333333333333
0.0
0.0
0.125
0.0
0.041666666666666664
0.16666666666666666
0.125
0.0625
0.041666666666666664
0.0
0.0625
0.7291666666666667
1.125
0.041666666666666664
0.0
0.041666666666666664
2.375
0.041666666666666664
0.0
0.8333333333333334
0.020833333333333332
0.041666666666666664
0.041666666666666664
0.125
0.0
0.5
0.0
0.125
0.0
0.0
0.0
0.0
0.0
0.0
0.0
0.041666666666666664
0.0625
0.0
1.9166666666666667
0.3333333333333333
0.0
0.041666666666666664
0.08333333333333333
1.9166666666666667
0.041666666666666664
1.2083333333333335
0.0
0.041666666666666664
0.0
0.041666666666666664
0.16666666666666666
0.0625
0.0
0.0
1.0833333333333333
0.08333333333333333
1.0
0.3333333333333333
0.375
0.041666666666666664
0.9791666666666667
0.0
0.7083333333333334
0.0
0.0
0.0
0.0
0.6666666666666666
0.08333333333333333
0.0
0.0
0.0625
0.0
0.0
0.4166666666666667
0.0
0.0
0.0
0.041666666666666664
0.041666666666666664
0.9583333333333334
0.0
0.875
0.0
0.041666666666666664
0.0
0.0
0.0
0.0
0.041666666666666664
0.0
0.0
0.0
0.0
0.0
0.0
0.0
0.0
0.0
0.0
0.0
0.0
0.041666666666666664
0.6666666666666666
0.375
0.3333333333333333
0.041666666666666664
0.2916666666666667
0.0
0.7083333333333334
3.2291666666666665
1.25
0.0
0.0
0.0
0.0
0.041666666666666664
0.0
0.041666666666666664
0.16666666666666666
1.0416666666666667
0.08333333333333333
0.041666666666666664
1.2708333333333335
0.041666666666666664
0.041666666666666664
0.9166666666666666
0.0
0.041666666666666664
0.0
0.08333333333333333
0.041666666666666664
0.041666666666666664
0.0
1.3333333333333333
0.14583333333333331
0.0
0.9583333333333333
0.4583333333333333
0.0
0.25
0.0
0.041666666666666664
0.0
0.08333333333333333
0.0
0.0
0.125
0.041666666666666664
0.5
0.041666666666666664
0.0
0.0
0.041666666666666664
0.0
0.0
0.041666666666666664
0.041666666666666664
0.041666666666666664
0.16666666666666666
0.041666666666666664
0.0
0.5416666666666666
0.4583333333333333
0.125
1.0416666666666667
0.125
0.125
0.9583333333333334
0.16666666666666666
0.0
0.0
0.75
1.2291666666666667
0.125
0.041666666666666664
0.125
0.4375
0.0
0.08333333333333333
1.9166666666666667
0.0
0.8958333333333333
0.8958333333333333
0.0
0.4583333333333333
0.0
0.25
0.0
1.0625
0.0
0.041666666666666664
0.0
0.041666666666666664
0.041666666666666664
0.0
0.08333333333333333
0.0
0.0
0.041666666666666664
0.125
0.6666666666666666
0.041666666666666664
0.0
0.041666666666666664
0.0
0.041666666666666664
0.0
0.0
0.0
0.375
0.0
0.3333333333333333
0.6666666666666666
0.0
0.0
0.041666666666666664
0.041666666666666664
0.0
0.9583333333333334
0.041666666666666664
0.0
0.0
0.08333333333333333
0.0
0.0
0.4583333333333333
0.041666666666666664
0.0
0.7916666666666666
0.041666666666666664
0.0
1.4583333333333333
0.0
0.0
0.20833333333333334
0.16666666666666666
0.0
0.0
0.0
0.041666666666666664
0.0
0.0
0.041666666666666664
0.08333333333333333
1.5833333333333333
0.20833333333333334
0.0
0.0
0.2916666666666667
0.0
0.041666666666666664
0.0
0.16666666666666666
0.20833333333333331
0.0
0.041666666666666664
0.041666666666666664
0.0
0.125
0.041666666666666664
0.0
0.041666666666666664
0.041666666666666664
0.0
0.020833333333333332
0.27083333333333337
0.020833333333333332
0.08333333333333333
0.041666666666666664
0.0
0.5833333333333334
0.0625
0.0
0.08333333333333333
0.041666666666666664
0.0
0.375
0.020833333333333332
0.08333333333333333
0.2916666666666667
0.041666666666666664
0.0
0.08333333333333333
0.0
0.20833333333333334
0.0
0.0
0.0
0.0
0.0
0.0
0.041666666666666664
0.35416666666666663
0.0
0.041666666666666664
0.0
0.0
0.041666666666666664
0.0
0.0
0.0
0.08333333333333333
0.0
0.125
0.0
0.041666666666666664
0.041666666666666664
0.16666666666666666
0.0
0.7916666666666666
0.0
0.041666666666666664
0.0
0.0
0.0
0.041666666666666664
0.0
0.041666666666666664
0.125
0.0
0.041666666666666664
0.041666666666666664
0.0
0.0
0.0
0.041666666666666664
0.0
0.0
0.0
0.020833333333333332
0.0
0.041666666666666664
0.0
0.125
0.375
0.0
0.0
0.10416666666666666
0.20833333333333334
0.0
0.0
0.0
0.125
0.0
0.0
0.0
0.0
0.0
0.08333333333333333
0.0
0.0
0.125
0.0
0.08333333333333333
0.0
0.041666666666666664
0.0
0.0
0.041666666666666664
0.041666666666666664
0.0
0.0
0.2916666666666667
0.0
0.0
0.0
0.041666666666666664
0.0
0.0
0.125
0.0
0.125
0.0
0.20833333333333334
0.041666666666666664
0.0
