18.30014124293785
7.104166666666667
5.431737588652482
8.138157894736842
17.597800925925927
16.89794685990338
0.5130555555555556
13.094047619047618
11.12
5.392628205128205
2.2071104122990914
1.6855927230046948
2.2875
21.36087570621469
10.397023809523809
13.300154320987655
11.917880258899677
0.9818548387096774
3.254749568221071
5.072745901639344
0.15784116190236328
11.218537414965986
10.70547385620915
21.565833333333334
0.7891414141414141
11.330218068535826
21.656060606060606
22.235833333333332
0.43238993710691825
3.1658878504672896
17.52179487179487
2.1929284037558685
1.9810732113144758
0.16106184187812878
18.654040404040405
1.2514367816091954
17.687158469945356
6.219011725293132
6.162524366471735
8.053571428571429
16.45388888888889
7.183222958057395
24.25980392156863
4.242214532871972
7.887777777777778
0.9142301998519615
0.48965141612200436
1.7962622549019607
2.6017053445850915
21.033482142857142
4.545510455104551
4.170351473922903
1.1305970149253732
2.9076190476190478
6.633809523809524
1.2786024305555557
3.371999076638966
1.3162266522988506
4.697327044025157
20.485294117647058
6.552672955974843
7.196078431372549
6.409313725490196
7.73758865248227
4.114583333333333
7.17086129753915
13.995481927710843
9.252471751412429
12.049092409240924
6.7178362573099415
7.060147849462366
0.11785714285714285
7.034090909090909
8.761399371069183
1.6813218390804598
10.038461538461538
5.058333333333334
11.231060606060606
6.336169284467714
19.499255952380953
12.672222222222222
5.893518518518519
0.4826953589845299
1.9528721682847896
9.51010101010101
0.8916666666666667
2.5705967976710333
14.128205128205128
3.286651234567901
4.088737201365188
16.023809523809522
7.947701149425288
2.0488782051282053
21.757861635220127
16.615530303030305
15.56631455399061
4.035377358490566
1.6201472556894243
7.3126984126984125
2.4955197132616487
7.09918200408998
3.693840579710145
8.912144702842378
0.07516339869281045
2.238047363717605
16.88095238095238
2.1098684210526315
4.171006944444445
18.024358974358975
10.023625429553265
18.354575163398692
11.48671497584541
3.558852621167161
6.995265151515151
3.155043859649123
3.411547619047619
4.33137077294686
15.930790960451978
18.001436781609197
1.3979591836734695
9.515211640211641
13.37125468164794
4.131060606060606
18.107692307692307
13.268939393939394
9.453078078078079
3.5470632530120483
14.626984126984127
0.622874149659864
0.3226686507936508
12.995210727969349
11.58739837398374
10.92316513761468
5.177696078431373
5.455143540669856
14.577604166666667
5.998307952622674
17.73507462686567
13.961274509803921
0.5530901486988847
3.857360097323601
9.354552469135802
7.101473922902494
4.971276595744681
18.812121212121212
6.337806026365349
2.8341288782816227
2.5848214285714284
1.2201640759930916
1.9544012141280354
10.64275956284153
18.85
5.038074712643678
1.1050314465408806
3.1073446327683616
3.6890020898641587
3.21580615942029
4.972834067547724
11.272277227722773
5.456770833333334
0.9260416666666667
19.45138888888889
6.353448275862069
6.37787356321839
0.10517799352750809
3.5364077669902914
1.0757262996941896
3.0712081128747797
5.13695987654321
3.8444940476190474
4.5692791005291005
0.6525
0.050681089743589744
4.879499217527386
10.015579710144927
4.088888888888889
6.257058287795993
1.5385555555555555
16.298850574712645
7.369234800838575
3.6073816872427984
8.934767759562842
5.026666666666666
0.38224637681159424
17.369535519125684
6.66
3.2349537037037037
2.1367521367521367
16.759328358208954
5.549441786283891
3.130040322580645
3.0941926345609065
1.1797945205479452
3.263440860215054
17.553661616161616
4.867601246105919
0.41025641025641024
0.5755555555555555
0.4974304068522484
17.91454802259887
6.218637992831542
9.766882183908045
15.021857923497269
20.36556603773585
0.21982758620689655
7.847317351598173
8.775445292620866
11.398569023569024
1.539045069165551
6.77120315581854
7.323464912280702
7.260416666666667
18.408482142857142
18.492486338797814
9.633512544802867
12.425
1.6630043227665705
18.230392156862745
9.585084033613445
0.1699525845125786
7.619897959183674
15.493243243243244
11.482993197278912
11.159552845528456
1.25074156470152
13.53201219512195
9.133960573476703
19.42528735632184
4.6502976190476195
10.042772861356932
18.632183908045977
0.8376865671641791
3.8113584474885847
5.216397849462366
2.8604166666666666
7.276643990929705
20.485294117647058
16.23169191919192
4.428743961352657
0.25485436893203883
4.822271386430678
11.079941860465116
1.9130258899676376
12.07088122605364
4.442913385826771
4.689144736842105
14.390151515151516
11.808333333333334
10.215596330275229
13.562878787878788
8.829637096774194
3.4080547112462005
0.467741935483871
12.205128205128204
3.458076923076923
4.474
13.29718875502008
10.719642857142857
0.010822510822510822
2.4230699855699855
7.948717948717949
2.674348230912477
11.654947916666666
8.848544973544973
8.195061728395062
8.00093984962406
16.818989071038253
0.08360154690618762
3.103933891992551
11.621685606060606
3.3724899598393576
4.0303191489361705
5.246404399323181
3.4983766233766236
20.973856209150327
9.975340136054422
2.7147988505747125
16.24264705882353
1.3218339307048985
17.055316091954023
13.153311965811966
19.323099415204677
6.828345070422535
1.558641975308642
18.437146892655367
6.550813008130081
3.586038961038961
3.978395061728395
5.974587912087912
5.557461873638345
0.5835101679929267
1.590277777777778
15.9375
0.8203463203463204
8.113575268817204
2.5623025276461298
12.560562015503876
10.435
17.536202185792348
17.760220125786162
13.864850427350428
9.506498470948012
9.85218253968254
9.169025157232705
11.606944444444444
10.15683962264151
6.402777777777778
8.525873655913978
6.813048245614035
2.7162247474747474
8.729978354978355
7.447399527186761
1.2080992509363295
6.087643678160919
1.591765873015873
11.308035714285715
17.868055555555557
1.250570776255708
9.520547945205479
7.36264367816092
11.175531914893616
2.5826236820762367
11.293906810035843
2.303894927536232
11.441666666666666
12.340625000000001
6.864942528735632
1.2411858974358974
0.20398201669877972
15.814516129032258
13.026371308016877
17.673076923076923
5.291247906197655
11.895593869731801
1.0227934044616878
6.711783439490445
12.429545454545455
3.2851228632478633
4.037946428571429
13.80079908675799
15.265547263681592
10.33611111111111
5.324932795698925
12.658227848101266
7.5932098765432094
12.252118644067796
16.182539682539684
9.315909090909091
12.738575268817204
12.457291666666666
4.602017937219731
4.62126572327044
2.2141043397968607
5.13115763546798
3.745218579234973
16.289434523809526
3.3114583333333334
9.68388888888889
1.9097605893186003
9.501488095238095
0.6051263362487852
5.371031746031746
1.6117159149818558
11.934108527131782
9.919498381877023
2.844212962962963
16.339285714285715
1.725862548692265
6.840038314176246
17.401129943502823
4.650494672754947
7.761450381679389
15.021634615384615
0.5875
4.72599846390169
2.05518018018018
14.039954337899543
7.550438596491228
1.359993614303959
5.919590643274854
0.7680982745686422
5.290816326530612
15.871913580246913
10.59765625
17.124269005847953
3.594669117647059
0.566025641025641
17.62061403508772
5.406127450980392
12.290123456790123
14.917467948717949
11.421401515151516
8.468654434250764
0.018719806763285024
16.36370056497175
8.478988603988604
6.343815513626835
7.874479166666667
4.685428849902534
7.4285279805352795
10.358146067415731
9.34748427672956
17.170386904761905
10.7875
8.408963585434174
1.9163510101010102
4.66
16.614795918367346
8.176666666666666
11.381687242798353
4.619402985074626
10.509320175438596
3.5528169014084505
5.116284013605442
1.8980781348456206
2.0162760416666665
13.280357142857143
5.560952380952381
0.33484848484848484
4.565363349131122
3.0940514469453375
4.340843023255814
13.547945205479452
13.025219298245615
2.6730072463768115
14.73397435897436
15.723611111111111
3.852777777777778
0.8501016260162602
3.6884398496240602
16.70402298850575
2.296620046620047
4.984583333333333
8.04233870967742
3.2094594594594597
14.571969696969697
15.450940860215054
6.196680790960452
5.649728997289973
2.254081245254366
7.721354166666667
1.5165229885057472
2.2747515290519877
2.1828488372093022
4.801346801346801
10.174166666666666
16.151639344262296
11.519308943089431
5.6675
0.9666666666666667
1.7278554778554778
2.240846681922197
6.463503649635036
0.14166666666666666
16.171783625730995
15.262096774193548
16.53813559322034
4.072802197802198
11.840625
4.4431089743589745
8.476190476190476
0.6220619658119658
5.459558823529412
4.267647058823529
6.894047619047619
10.941947565543071
12.29861111111111
8.326508620689655
3.3526348039215685
4.9
0.3486005089058524
4.4819182389937104
1.9761029411764706
10.319746376811594
0.8376937984496124
15.815677966101696
3.8647003745318353
14.652777777777779
0.49060457516339867
3.3142605633802815
0.6878113879003559
0.5599415204678363
14.616402116402117
5.946428571428571
10.706460674157304
7.779233870967742
14.451923076923077
1.4388998682476943
5.317592592592592
14.250621890547263
1.3535496003761165
3.3782505910165486
0.011723700887198986
4.367009132420091
2.425254452926209
2.8831967213114753
0.9354166666666667
11.393092105263158
8.611486486486486
2.3162832929782082
8.39108187134503
4.111390284757119
1.5006979341150195
14.121969696969698
14.724609375
0.16295379537953794
12.721590909090908
1.5838815789473684
8.213450292397662
0.32891414141414144
2.3341523341523343
1.9877873563218391
9.150889967637541
10.493518518518519
2.430993000874891
2.778202328966521
0.2264957264957265
7.130128205128205
7.548022598870056
0.325
11.08270202020202
0.4594988344988345
9.916228070175439
3.790994623655914
13.657692307692308
4.436084142394822
8.484463276836157
5.173387096774193
2.1558429118773947
0.17613636363636362
2.267479674796748
2.4673202614379086
3.5319182389937107
11.083333333333334
11.73989898989899
10.633032128514056
1.9101056578050444
4.568396226415095
2.871517027863777
3.1363636363636362
9.833791208791208
3.3572503008423586
3.6108923884514437
8.931781045751634
5.587777777777778
13.084507042253522
1.5261194029850746
7.823863636363637
14.029970760233917
2.377204585537919
11.3921875
10.429450757575758
14.091666666666667
3.7318104906937393
0.6240942028985508
2.828212290502793
2.432029177718833
1.2291106630824373
1.4741194158075601
2.1271186440677967
2.1795977011494254
13.165364583333334
3.2315014367816093
6.24941724941725
1.436585684430512
12.626760563380282
11.744588744588745
7.142060367454068
14.758196721311474
14.860416666666667
14.624255952380953
0.8123511904761905
3.5671296296296298
10.49537037037037
1.727
3.5485026041666665
3.7932422969187676
4.443144499178982
5.089653558052435
10.825711382113822
8.788461538461538
1.6105427046263345
10.934959349593496
12.502777777777778
6.071995464852607
7.214855072463768
7.8628318584070795
8.821078431372548
11.275833333333333
8.408018867924529
12.235544217687075
14.659313725490197
10.241858237547893
3.5697916666666667
0.07992202729044834
3.460171568627451
12.805759803921568
7.872023809523809
3.0770114942528735
8.41745283018868
10.456275720164609
5.838383838383838
6.542635658914729
10.405349794238683
8.313690476190477
14.578551912568306
3.549931129476584
5.926927860696518
0.6032986111111112
12.4609375
7.690579710144927
2.984515765765766
1.3547297297297298
4.035194174757281
14.819915254237289
0.08445945945945946
3.3591503267973857
12.134837962962962
7.555921052631579
0.15925925925925927
4.824799196787149
1.474732545045045
0.8088235294117647
1.8105034722222222
2.5241354466858787
0.01912568306010929
5.7875
5.545289855072464
0.9205704270235819
4.993295019157088
0.3117283950617284
2.0423789173789175
4.685082872928177
6.758138020833333
9.822443181818182
0.15685921660368304
13.565058479532164
11.52111111111111
1.5192307692307694
1.7526978417266188
9.458333333333334
0.9173497267759563
8.124206349206348
1.5970588235294116
0.38377192982456143
4.111742424242425
2.847467608951708
7.728050595238095
5.629166666666666
5.278061224489796
2.9154719235364395
9.095878136200717
1.5332589285714286
11.268835616438356
15.479938271604938
8.316666666666666
2.233008658008658
1.9084821428571428
3.2186311787072244
1.5611111111111111
10.060267857142858
7.663257575757576
8.352848101265822
2.936813186813187
0.922008547008547
2.874
5.43010752688172
6.4275956284153
1.1515410958904109
13.181944444444445
0.4795833333333333
10.606060606060606
6.040277777777778
8.28617216117216
0.0763888888888889
1.8452115812917596
14.5
0.3478359038488259
8.309413580246913
0.24404761904761904
4.798245614035088
3.5173022598870056
3.208808618504436
0.525
1.6398867313915857
14.748397435897436
1.9033516988062442
9.983935742971887
0.9636605783866058
1.1597525473071324
7.372427983539095
1.7622752420470262
9.380658436213992
6.371474358974359
6.006845238095238
5.204741379310344
2.2653153153153154
6.352362204724409
8.717447916666666
5.113683127572016
14.173022598870057
11.04559748427673
4.75109649122807
11.963308457711443
3.0465506715506714
11.331572769953052
4.0396825396825395
6.692622950819672
2.135930735930736
12.120138888888889
6.379981884057971
1.82183908045977
4.626326963906582
9.774801587301587
2.8382016036655213
0.4098258706467662
6.713276836158192
11.879084967320262
6.84045584045584
0.35988233541852843
11.183080808080808
2.238595302619693
4.44527027027027
9.887295081967213
2.0994486853265477
0.4135572139303483
6.057065217391305
1.209170530654302
10.563725490196079
14.21439393939394
8.69104609929078
6.693877551020408
2.6358447488584473
13.811063218390805
3.712227414330218
11.02796803652968
2.0936274509803923
11.478174603174603
6.5453929539295395
6.051100628930818
4.190833333333333
4.747950819672131
0.291407867494824
0.4594748858447488
2.8762254901960786
0.2961711711711712
3.2700617283950617
0.3117816091954023
5.395973154362416
0.8363156984785616
3.669930875576037
1.2616604477611941
0.6304824561403509
9.743589743589745
3.2133736559139785
6.754985754985755
0.7570422535211268
6.001614987080103
5.630864197530864
4.2578125
3.0420386904761907
10.895539906103286
0.2932692307692308
8.851123595505618
9.596491228070176
2.0114229765013056
5.229440789473684
1.9243827160493827
3.7385057471264367
0.5353554383320773
2.9416666666666664
5.81140350877193
3.032051282051282
6.440476190476191
2.4904048370136698
6.338888888888889
0.15228720324261724
11.982051282051282
12.518817204301076
1.2355072463768115
6.928508771929825
11.857142857142858
7.155430711610487
1.2906301824212272
10.08838383838384
9.190972222222221
0.48666666666666664
6.198446327683616
4.897151898734177
5.880208333333333
11.843253968253968
11.209558823529411
1.8106995884773662
11.21045197740113
5.207738095238096
2.6919367283950617
1.8943273092369477
2.1084401709401708
6.5788690476190474
0.7383633633633634
2.968954248366013
12.043010752688172
5.753819444444445
0.9239596083231334
9.518640350877194
4.849626068376068
5.767252604166667
3.981329690346084
8.96379781420765
10.563967136150234
2.9139344262295084
7.500841750841751
0.7101851851851851
8.79594017094017
3.0989583333333335
0.3870967741935484
5.528882575757575
6.79981884057971
2.6133333333333333
10.145833333333334
3.068758573388203
7.793859649122807
5.2822265625
7.654166666666667
1.6929824561403508
0.5955823293172691
9.69
5.420087064676617
8.275234741784038
10.77267156862745
2.4090163934426227
12.238304093567251
4.491561181434599
1.2640765765765765
7.770833333333333
6.14037216828479
2.324404761904762
8.238849765258216
4.765380313199105
12.558908045977011
13.243939393939394
13.243939393939394
4.239278752436647
7.373724489795919
0.13789682539682538
9.489071038251366
3.1664814814814815
10.91025641025641
9.176948051948052
5.174479166666667
5.1020408163265305
5.318321078431373
5.248161764705882
1.6388888888888888
9.13554852320675
2.203093047034765
1.7725225225225225
9.269406392694064
0.5906480721903199
2.8756666666666666
5.349813432835821
3.206818181818182
5.476273148148148
7.246279761904762
2.4671052631578947
1.4412280701754387
1.2189277588168372
0.48770491803278687
2.141509433962264
2.608407079646018
3.9269406392694064
3.4056122448979593
0.3177966101694915
4.681015452538631
3.6002604166666665
4.045081967213115
4.631711409395973
0.0435823754789272
2.0892664509169365
3.4359756097560976
4.545267489711934
1.1554232804232805
2.4990862573099415
2.0697791164658637
5.112745098039215
4.725225225225225
0.9891774891774892
1.0386726546906189
4.412126068376068
2.1796875
9.330929487179487
9.173878205128204
0.5448717948717948
0.05454545454545454
0.07910948371967862
4.628968253968254
9.77179487179487
10.650537634408602
3.0943181818181817
9.521527777777777
8.059931506849315
9.33736559139785
3.851145038167939
2.733739837398374
0.4713855421686747
5.656521739130435
10.043859649122806
10.368279569892474
6.696180555555555
10.453869047619047
5.358333333333333
8.9863184079602
5.150833333333333
1.560792349726776
1.3513681592039801
5.636467889908257
2.190391459074733
1.8849502487562189
6.572607260726073
9.108217592592592
2.040378006872852
2.04320987654321
0.563577055637617
7.603618421052632
11.29382183908046
6.995588235294117
7.63504016064257
1.6785405872193437
10.48252688172043
0.7819444444444444
5.5368055555555555
10.288306451612904
4.939236111111111
4.046875
8.340555555555556
3.1016666666666666
0.5535714285714286
3.176518883415435
2.7586336336336337
0.4208905602790495
2.3921933085501856
4.590178571428571
8.619212962962964
5.608796296296297
0.4256535947712418
0.1856060606060606
3.516941391941392
4.27408256880734
2.6458333333333335
5.436965811965812
2.572969543147208
3.373076923076923
9.94672131147541
6.642543859649123
3.9920091324200913
2.950870646766169
4.110863095238095
10.015211640211641
1.5482510288065843
2.7532552083333335
9.376366120218579
0.5866336633663366
1.6430678466076696
2.0857081174438687
0.5667109929078014
5.602409638554217
0.8306038324420677
1.2268518518518519
4.456123737373737
3.151388888888889
0.6141025641025641
4.181681681681682
0.19536316472114137
8.443306010928962
4.382486979166666
3.61875
3.50968992248062
7.9147727272727275
2.7417052469135803
1.05887049941928
5.8462783171521036
5.85625
0.18142681426814267
5.993961352657005
1.731060606060606
0.38134057971014496
2.2175925925925926
5.1366525423728815
1.5493197278911566
5.748299319727891
1.6620879120879122
2.9734100877192984
3.131038647342995
0.6022727272727273
3.6891025641025643
8.129566210045661
1.2374031007751938
6.173611111111111
0.5819209039548022
8.179166666666667
7.580882352941177
2.6756535947712417
3.945350241545894
1.1999084249084249
0.12248563218390804
2.120762711864407
9.134166666666665
2.877540650406504
5.78493265993266
5.285714285714286
0.16796875
0.38419117647058826
7.684343434343434
5.648809523809524
6.871666666666667
4.5
3.0100806451612905
2.9753401360544216
4.357587064676617
6.335164835164835
3.079122340425532
8.08270202020202
1.7794117647058822
4.655890804597701
5.692916666666667
0.40218655501279366
5.767361111111111
6.872967479674797
7.913732394366197
4.8767655367231635
4.929517133956386
0.5078221809169765
3.3338206627680314
1.2467105263157894
0.175
1.9004065040650406
1.9373920552677029
2.75679012345679
4.55484693877551
4.90952380952381
8.11111111111111
2.9194651741293534
3.0141509433962264
2.065203562340967
2.2975449515905946
3.1729166666666666
0.1827103318998787
0.5721386583679114
7.564338235294118
6.262896825396825
6.43775720164609
6.432843137254902
0.9732565011820331
5.474719101123595
1.887787356321839
4.670258620689655
4.568732193732194
7.9795454545454545
2.3066737288135593
4.162190082644628
3.987438725490196
5.922149122807017
2.0479559748427674
8.338541666666666
4.246243169398907
6.275914634146341
4.00179211469534
5.313988095238095
0.743969298245614
7.932795698924731
2.694915254237288
0.47187123947051746
8.439814814814815
5.136437908496732
0.8012820512820513
4.556547619047619
2.9118055555555555
4.392255892255892
4.66625
0.2941976002999625
1.0776515151515151
0.3098989298454221
4.917525773195877
3.703754578754579
1.1496212121212122
7.86491935483871
4.426223241590214
1.4130952380952382
0.8655498281786942
4.720679012345679
4.485380116959064
0.5654239766081871
3.266801075268817
7.011415525114155
4.038580246913581
5.062714776632302
0.8613782051282052
4.788915094339623
1.590717299578059
1.1613149847094801
4.509214743589744
1.756993006993007
0.44763513513513514
5.025406504065041
4.6547067901234565
2.138266998341625
1.0930114099429502
2.5751488095238098
2.5351966873706004
4.4434523809523805
2.580357142857143
0.27045454545454545
3.8626302083333335
7.3731343283582085
0.1906474820143885
0.18715460939462447
1.4375
4.923400673400674
1.0206575246132208
4.220982142857143
7.637369791666667
2.3136973180076628
0.4957627118644068
5.496162280701754
0.5680311890838207
3.901475694444444
3.977228682170543
0.3099126778783959
2.0602836879432624
3.3249378109452734
4.762586805555555
3.416348600508906
1.4457831325301205
0.47544642857142855
7.738575268817204
0.05364583333333334
6.646739130434783
2.6983333333333333
3.060294117647059
0.8310502283105022
2.1366366366366365
1.4423076923076923
7.531045751633987
4.280844155844156
5.361458333333333
0.39492753623188404
5.2465753424657535
0.6839080459770115
0.9311377245508982
1.7158894645941276
4.31043956043956
1.4485981308411213
0.5296184738955824
0.5021551724137931
2.7188967136150235
0.7854938271604939
2.7778614457831323
0.3107638888888889
2.536111111111111
2.284090909090909
0.795
5.615384615384615
1.2007797270955165
4.742831541218638
1.0048534798534798
3.064748201438849
2.8435185185185183
5.499327956989247
2.775
0.42911877394636017
2.7625
0.9983974358974359
0.5817610062893082
5.399305555555555
3.8757645259938838
4.971461187214612
0.1168403671298679
2.3206615120274914
3.556423611111111
1.1326041666666666
0.5151709401709401
1.16817398794143
4.177083333333333
1.172077922077922
6.302083333333333
6.63296568627451
5.471688034188034
4.028903903903904
0.4097222222222222
0.31973684210526315
8.298202614379084
0.33428246013667423
1.4336569579288025
2.7315573770491803
5.499465811965812
6.237562189054727
4.719270833333334
4.007575757575758
0.8630952380952381
1.2781124497991967
5.741666666666667
0.4786036036036036
2.1117957746478875
0.3183333333333333
6.233333333333333
4.723039215686274
2.4391025641025643
0.6005434782608695
6.886904761904762
4.030797101449275
0.38609601449275366
2.5218023255813953
2.6335858585858585
0.8919753086419754
1.0350039777247415
2.066666666666667
3.53125
0.03414948453608247
6.2214912280701755
2.0075396825396825
4.971861471861472
1.9721534653465347
3.410774410774411
2.587121212121212
7.529874213836478
3.0385220125786163
4.399054982817869
0.5507478632478633
2.9554195804195804
0.6504901960784314
1.2828549848942599
2.5904761904761906
2.488095238095238
2.938946759259259
2.8300970873786406
2.7838983050847457
5.3658675799086755
1.2391251221896382
0.9480994152046783
2.8916666666666666
5.113888888888889
0.5581992850759607
5.018429487179487
0.5220618987871184
3.0809925093632957
5.451666666666666
1.3074252136752136
5.421428571428572
3.5450680272108843
0.4778524143302181
3.644911504424779
3.0736940298507465
5.976190476190476
1.9910300925925926
5.105046948356807
0.5342261904761905
2.35828488372093
2.154891304347826
0.3432203389830509
4.8175
5.009081196581197
1.1148775894538607
1.6633986928104576
2.6804617117117115
0.6941823899371069
0.45799846919249904
1.8883101851851851
0.06148153877887789
1.9523809523809523
1.9650297619047619
0.8631489841986456
1.4480676328502415
4.952850877192983
2.8150479616306954
0.931129476584022
4.808641975308642
3.199372759856631
1.550733024691358
3.9464285714285716
2.0535714285714284
2.928571428571429
0.837312734082397
0.6065705128205128
0.6294934640522876
1.9164485165794067
0.5515873015873015
0.9446517412935324
2.247713414634146
3.7111486486486487
1.3006329113924051
0.5491071428571428
1.6433691756272402
0.05800653594771242
0.8880597014925373
2.239766081871345
4.025106837606837
3.5174897119341564
4.018465909090909
2.9631944444444445
0.3345238095238095
2.219461697722567
3.689153439153439
2.2422680412371134
0.6307077625570776
3.765740740740741
2.2942251461988303
3.0644586894586894
4.511805555555556
0.08566959206890948
0.9587924701561065
1.0859929078014183
1.663135593220339
0.4816550925925926
0.4995265151515152
0.2927297668038409
0.28735632183908044
1.7654886561954626
4.813172043010753
3.7504901960784314
4.911231884057971
5.8509887005649714
1.651360544217687
0.12653186274509803
4.06275720164609
1.106638418079096
0.7939876215738285
4.473684210526316
3.894927536231884
3.0262345679012346
3.6114583333333337
1.5152391975308641
5.3159090909090905
3.4910714285714284
3.048679867986799
2.2892156862745097
3.836988304093567
4.649305555555555
4.617937853107344
0.17107329842931937
0.4890625
2.3556763285024154
0.3194444444444445
0.8975162488393686
1.8920454545454546
1.2813765182186234
1.636111111111111
3.1284013605442174
1.4623397435897436
0.8886921624173749
1.8283045977011494
0.10769230769230768
1.93200408997955
0.3
0.4668152550767707
0.8247354497354498
1.9481770833333334
0.8116666666666666
3.7010233918128654
1.0947253433208488
3.2083333333333335
1.8379345603271984
1.1059348093480934
0.2666814946619217
1.1449530516431925
0.9098039215686274
1.584051724137931
1.489206827309237
3.0719246031746033
0.7922979797979798
3.668452380952381
2.380503144654088
0.2242666147455867
2.1966666666666668
0.48783454987834546
0.46474358974358976
0.19261006289308175
0.21915374677002583
0.08086734693877551
1.4851190476190477
0.66820987654321
1.2814503205128205
4.204166666666667
1.8865248226950355
4.347222222222222
2.1914600550964187
0.7430555555555556
1.150987972508591
0.008169934640522876
0.04861111111111111
0.33084239130434784
4.6053030303030305
2.668355855855856
2.7101063829787235
3.3886904761904764
0.03531073446327684
0.336864406779661
0.9245614035087719
4.156045751633987
1.9574742268041236
1.2009803921568627
0.3920157068062827
1.5436197916666667
1.2106009070294785
2.920138888888889
0.7507440476190477
0.8993055555555556
0.6911157024793388
3.0703828828828827
0.8111383442265795
0.952263779527559
1.4833333333333334
0.2780054644808743
1.742559523809524
2.7954545454545454
3.4113849765258215
0.16590909090909092
0.9545795795795796
1.0348360655737705
0.6202749140893471
3.599242424242424
0.40111940298507465
1.525297619047619
0.5205627705627706
1.1493399339933994
0.7124183006535948
0.05697278911564626
1.2269076305220885
3.3173076923076925
1.0451388888888888
1.1185446009389672
0.17963333333333334
1.364454732510288
3.1302910052910056
0.32850467289719626
0.34375
2.1660447761194033
0.285140562248996
0.9825
0.17374213836477986
1.2581018518518519
1.4680851063829787
0.7974406991260924
0.0557909604519774
1.5477430555555556
0.5198019801980198
0.10623123123123124
0.48207249802994484
1.7511061946902655
0.7780479896238651
2.8599137931034484
0.17672413793103448
