0.0
0.05
0.16666666666666666
0.08130081300813008
0.031746031746031744
0.0
0.0
0.08333333333333333
0.0
0.065
0.2
0.25
0.5
0.04081632653061224
0.0
0.25
0.1
0.0
0.19047619047619047
0.03
0.10346798780487805
0.0
0.0625
0.15384615384615385
0.0
0.04
0.1
0.1875
0.0
0.0
0.0
0.0585480093676815
0.0707070707070707
0.0853462157809984
0.0392156862745098
0.0
0.21428571428571427
0.08433734939759036
0.0847457627118644
0.16666666666666666
0.05172413793103448
0.06382978723404255
0.0
0.10377358490566038
0.0703125
0.05353728489483748
0.0
0.046357615894039736
0.049868766404199474
0.06666666666666667
0.08333333333333333
0.05905511811023622
0.0
0.0
0.043859649122807015
0.07160804020100503
0.06875
0.04987531172069826
0.0
0.14285714285714285
0.0
0.09821428571428571
0.0
0.2222222222222222
0.6666666666666666
0.0625
0.05970149253731343
0.07
0.12195121951219512
0.088
0.02564102564102564
0.0
0.14285714285714285
0.0
0.0749063670411985
0.0
0.14285714285714285
0.0
0.14285714285714285
0.027777777777777776
0.05555555555555555
0.3333333333333333
0.07344008834897847
0.109375
0.0
0.5
0.07859078590785908
0.0
0.4
0.09268292682926829
0.0
0.15789473684210525
0.0
0.16666666666666666
0.2857142857142857
0.09523809523809523
0.0
0.07166666666666667
0.1111111111111111
0.0
0.0
0.0
0.1206896551724138
0.5
0.25
0.12195121951219512
0.07322654462242563
0.09090909090909091
0.06382978723404255
0.0
0.0
0.0392156862745098
0.08561643835616438
0.0
0.05818181818181818
0.056140350877192984
0.05603448275862069
0.375
0.0
0.0
0.1509433962264151
0.125
0.0
0.08823529411764706
0.1016949152542373
0.06756756756756757
0.08171206225680934
0.16666666666666666
0.0
0.0
0.08333333333333333
0.038461538461538464
0.034482758620689655
0.0
0.061068702290076333
0.0847457627118644
0.05714285714285714
0.08333333333333333
0.058823529411764705
0.11226765799256505
0.022727272727272728
0.08064516129032258
0.07547169811320754
0.08108108108108109
0.05714285714285714
0.09523809523809523
0.05329153605015674
0.0
0.05875
0.0967741935483871
0.0
0.125
0.2
0.0
0.0
0.06920415224913495
0.06622516556291391
0.17391304347826086
0.056179775280898875
0.0
0.0
0.0
0.09523809523809523
0.0
0.0
0.3
0.08310626702997276
0.09027777777777778
0.0
0.0
0.025
0.0
0.0
0.25
0.1232876712328767
0.048034934497816595
0.05673758865248227
0.046012269938650305
0.13333333333333333
0.12903225806451613
0.041666666666666664
0.1590909090909091
0.0
0.0
0.15384615384615385
0.16393442622950818
0.051515151515151514
0.08045977011494253
0.07272727272727272
0.08860759493670886
0.05177993527508091
0.0
0.0
0.5
0.08888888888888889
0.0
0.0
0.0
0.08344549125168237
0.061224489795918366
0.06976744186046512
0.1
0.2
0.05555555555555555
0.0
0.05405405405405406
0.05309734513274336
0.10344827586206896
0.05442176870748299
0.05228758169934641
0.1276595744680851
0.056179775280898875
0.10526315789473684
0.038461538461538464
0.08333333333333333
0.04285714285714286
0.06587837837837837
0.1
0.10843373493975904
0.0693815987933635
0.0
0.09523809523809523
0.0
0.0
0.2727272727272727
0.07142857142857142
0.0
0.09523809523809523
0.0
0.09210526315789473
0.12121212121212122
0.0
0.225
0.013513513513513514
0.3333333333333333
0.038461538461538464
0.02564102564102564
0.0
0.0
0.0
0.10126582278481013
0.14285714285714285
0.0
0.16071428571428573
0.109375
0.038461538461538464
0.061224489795918366
0.05063291139240506
0.05970149253731343
0.2
0.05
0.09649122807017543
0.0
0.05128205128205128
0.08016877637130802
0.0
0.01639344262295082
0.0
0.0
0.10526315789473684
0.06779661016949153
0.18181818181818182
0.0
0.07407407407407407
0.1511627906976744
0.10101010101010101
0.0
0.06983718937446444
0.0498220640569395
0.04225352112676056
0.42857142857142855
0.0625
0.05232558139534884
0.06779661016949153
0.0
0.09523809523809523
0.5
0.0
0.125
0.25
0.1111111111111111
0.0
0.16666666666666666
0.0
0.0
0.11504424778761062
0.08333333333333333
0.0
0.12605042016806722
0.0
0.0
0.5
0.0
0.0
0.0
0.040214477211796246
0.038461538461538464
0.0
0.0
0.08695652173913043
0.08196721311475409
0.028169014084507043
0.3333333333333333
0.0
0.15
0.08974358974358974
0.0
0.0673076923076923
0.0
0.05928853754940711
0.13793103448275862
0.05747126436781609
0.12593984962406016
0.09090909090909091
0.08744394618834081
0.125
0.08
0.0
0.15789473684210525
0.064
0.02564102564102564
0.064
0.06382978723404255
0.05361930294906166
0.07142857142857142
0.038461538461538464
0.023622047244094488
0.0
0.05031876138433516
0.034482758620689655
0.07692307692307693
0.0
0.09740259740259741
0.03125
0.04516129032258064
0.35714285714285715
0.25
0.0
0.5
0.038461538461538464
0.05172413793103448
0.0
0.0
0.1111111111111111
0.12121212121212122
0.125
0.07692307692307693
0.06593406593406594
1.0
0.16666666666666666
0.06060606060606061
0.12179487179487179
0.035398230088495575
0.025
0.0
0.14285714285714285
0.16666666666666666
0.0
0.058823529411764705
0.0
0.0835102618542109
0.07246376811594203
0.06954887218045112
0.15555555555555556
0.04477611940298507
0.15254237288135594
0.058823529411764705
0.08116883116883117
0.0
0.1111111111111111
0.08823529411764706
0.08490566037735849
0.3333333333333333
0.0
0.1242603550295858
0.03225806451612903
0.04
0.022222222222222223
0.2
0.02830188679245283
0.058941058941058944
0.0
0.044444444444444446
0.03296703296703297
0.21052631578947367
0.0
0.0
0.0392156862745098
0.07142857142857142
0.045454545454545456
0.0
0.08
0.022727272727272728
0.0
0.0625
0.0891089108910891
0.07692307692307693
0.0
0.0
0.05660377358490566
0.03125
0.01818181818181818
0.047619047619047616
0.2
0.046511627906976744
0.03587443946188341
0.0
0.046511627906976744
0.0
0.1206896551724138
0.0
0.08
0.055299539170506916
0.07534246575342465
0.06818181818181818
0.0
0.0
0.05844155844155844
0.0
0.10909090909090909
0.022222222222222223
0.0
0.09433962264150944
0.08333333333333333
0.0
0.024390243902439025
0.0
0.0
0.0
0.05844155844155844
0.08888888888888889
0.04142011834319527
0.08843537414965986
0.0
0.0
0.09523809523809523
0.0625
0.0
0.0
0.13333333333333333
0.06086956521739131
0.0
0.10256410256410256
0.034482758620689655
0.09375
1.0
0.02857142857142857
0.09090909090909091
0.0
0.0
0.0
0.04488778054862843
0.18181818181818182
0.0
0.13793103448275862
0.057692307692307696
0.13636363636363635
0.0
0.15625
0.0
0.09090909090909091
0.2
0.10071942446043165
0.11570247933884298
0.041666666666666664
0.02857142857142857
0.0
0.16666666666666666
0.05813953488372093
0.0
0.0
0.0
0.0
0.06
0.0
0.043478260869565216
0.3333333333333333
0.2727272727272727
0.0
0.08444444444444445
0.08709422011084719
0.0
0.018518518518518517
0.08108108108108109
0.14285714285714285
0.05813953488372093
0.18181818181818182
0.3333333333333333
0.0967741935483871
0.043478260869565216
0.054602184087363496
0.11891891891891893
0.0
0.037267080745341616
0.08256880733944955
0.0
0.0
0.09302325581395349
0.0
0.06015037593984962
0.09722222222222222
0.23076923076923078
0.07142857142857142
0.06666666666666667
0.06666666666666667
0.16666666666666666
0.10256410256410256
0.0
0.054945054945054944
0.25
0.07396449704142012
0.5
0.03773584905660377
0.09230769230769231
0.11851851851851852
0.4
0.0
0.04854368932038835
0.10714285714285714
0.3333333333333333
0.0
0.5
0.057692307692307696
0.05102040816326531
0.08928571428571429
0.0963855421686747
0.0
0.2
0.06289308176100629
0.0
0.08588957055214724
0.0
0.04216867469879518
0.09090909090909091
0.1875
0.1111111111111111
0.05
0.0
0.07272727272727272
0.08808290155440414
0.08333333333333333
0.043478260869565216
0.08148148148148149
0.0625
0.05384615384615385
0.0
0.4
0.0
0.0
0.05
0.12121212121212122
0.12
0.07692307692307693
0.125
0.0
0.0
0.07407407407407407
0.10796915167095116
0.0
0.0
0.0
0.058823529411764705
0.009433962264150943
0.07692307692307693
0.06818181818181818
0.08771929824561403
0.0
0.16666666666666666
0.15384615384615385
0.0392156862745098
0.0
0.08243243243243244
0.1282051282051282
0.25
0.0
0.2
0.06878306878306878
0.11627906976744186
0.072992700729927
0.058823529411764705
0.014705882352941176
0.05870841487279843
0.07042253521126761
0.0
0.07079646017699115
0.07575757575757576
0.08163265306122448
0.078125
0.3333333333333333
0.08888888888888889
0.1111111111111111
0.17391304347826086
0.09859154929577464
0.0
0.0
0.0
0.03773584905660377
0.042105263157894736
0.06511627906976744
0.07865168539325842
0.03571428571428571
0.08333333333333333
0.4
0.09523809523809523
0.14285714285714285
0.0975609756097561
0.1
0.1111111111111111
0.0
0.043478260869565216
0.09278350515463918
0.08484848484848485
0.0
0.04929577464788732
0.10204081632653061
0.6666666666666666
0.05
0.058823529411764705
0.039473684210526314
0.0
0.0
0.05622489959839357
0.06712962962962964
0.08205128205128205
0.1267605633802817
0.0
0.03571428571428571
0.0
0.0
0.08333333333333333
0.0
0.16666666666666666
0.0
0.05042016806722689
0.04225352112676056
0.08207399687337155
0.05128205128205128
0.1111111111111111
0.0
0.5
0.11320754716981132
0.0
0.125
0.0
0.0
0.0
0.125
0.10526315789473684
0.125
0.125
0.0
0.0
0.07588075880758807
0.0
0.047619047619047616
0.10606060606060606
0.05714285714285714
0.0
0.0730593607305936
0.0
0.0
0.08108108108108109
0.2
0.06103286384976526
0.16666666666666666
0.0
0.018018018018018018
0.12727272727272726
0.07116788321167883
0.09375
0.0
0.018518518518518517
0.05102040816326531
0.03389830508474576
0.0
0.13333333333333333
0.2
0.1079136690647482
0.0
0.0
0.1111111111111111
0.3333333333333333
0.08771929824561403
0.0
0.07575757575757576
0.4
0.14285714285714285
0.06060606060606061
0.1400862068965517
0.2857142857142857
0.5
0.0
0.041666666666666664
0.02857142857142857
0.056910569105691054
0.0
0.11063829787234042
0.06741573033707865
0.2
0.06569343065693431
0.125
0.043478260869565216
0.0
0.03571428571428571
0.08465608465608465
0.10256410256410256
0.0
0.09473684210526316
0.08196721311475409
0.0
0.0
0.0
0.09375
0.16666666666666666
0.07531380753138076
0.0
0.25
0.0
0.07407407407407407
0.03802281368821293
0.10344827586206896
0.14634146341463414
0.08270676691729323
0.25
0.06686046511627906
0.0
0.16666666666666666
0.02564102564102564
0.1
0.07692307692307693
0.06521739130434782
0.0
0.0
0.021739130434782608
0.08333333333333333
0.0625
0.0
0.0
0.07368421052631578
0.10638297872340426
0.0
0.0
0.2
0.0
0.3333333333333333
0.0
0.5
0.0
0.08888888888888889
0.11059907834101383
0.02577319587628866
0.25
0.0
0.1
0.10526315789473684
0.07547169811320754
0.0
0.1111111111111111
0.09574468085106383
0.0948905109489051
0.0
0.08064516129032258
0.3333333333333333
0.10714285714285714
0.0
0.03927492447129909
0.046153846153846156
0.0
0.3333333333333333
0.075
0.0
0.1111111111111111
0.0797872340425532
0.2
0.5
0.012987012987012988
0.08882747729964469
0.10810810810810811
0.3333333333333333
0.0
0.0625
0.06
0.0
0.08917197452229299
0.1875
0.09090909090909091
0.0
0.020833333333333332
0.09090909090909091
0.0
0.0
0.03278688524590164
0.3333333333333333
0.08333333333333333
0.10256410256410256
0.0
0.0
0.16666666666666666
0.2857142857142857
0.0
0.06976744186046512
0.0
0.0
0.09090909090909091
0.14634146341463414
0.06299212598425197
0.10869565217391304
0.08108108108108109
1.0
0.07547169811320754
0.5
0.10294117647058823
0.0
0.07692307692307693
0.037914691943127965
0.0
0.09090909090909091
0.07142857142857142
0.3333333333333333
0.034482758620689655
0.0847457627118644
0.0
0.13636363636363635
0.09090909090909091
0.0
0.0
0.0
0.0
0.3333333333333333
0.0784313725490196
0.09433962264150944
0.19047619047619047
0.056451612903225805
0.0
0.2
0.0
0.0
1.0
0.1206896551724138
0.0425531914893617
0.09375
0.022727272727272728
0.0673076923076923
0.06578947368421052
0.0
0.0
0.05181347150259067
0.07692307692307693
0.10526315789473684
0.5
0.0
0.11363636363636363
0.024691358024691357
0.11917098445595854
0.08695652173913043
0.13043478260869565
0.0
0.25
0.10784313725490197
0.04081632653061224
0.043478260869565216
0.045454545454545456
0.0
0.0
0.25
0.0
0.0797872340425532
0.0
0.0
0.0
0.14285714285714285
0.0
0.0
0.09375
0.011363636363636364
0.1
0.10638297872340426
0.5
0.0
0.25
0.125
0.0
0.0
0.3333333333333333
0.25
0.07954545454545454
0.0
0.08287292817679558
0.027777777777777776
0.1015625
0.05714285714285714
0.25
0.0
0.0
0.045384615384615384
0.07207207207207207
0.04878048780487805
0.06666666666666667
0.055248618784530384
0.04
0.0
0.0
0.0
0.08029197080291971
0.0
0.10666666666666667
0.05263157894736842
0.12
0.046875
0.022727272727272728
0.1
0.13559322033898305
0.125
0.0
0.0
0.04938271604938271
0.3333333333333333
0.0
0.0
0.25
0.25
0.17073170731707318
0.0
0.09523809523809523
0.0
0.2222222222222222
0.0
0.10862619808306709
0.09523809523809523
0.0
0.3333333333333333
0.0425531914893617
0.0
0.075
0.023255813953488372
0.2857142857142857
0.0
0.04519774011299435
0.0
0.09615384615384616
0.07514450867052024
0.08888888888888889
0.1111111111111111
0.07142857142857142
0.0
0.0
0.0
0.3333333333333333
0.0
0.06329113924050633
0.5
0.0
0.10638297872340426
0.11538461538461539
0.0
0.0
0.0
0.0
0.12941176470588237
0.25
0.0
0.25
0.0
0.1111111111111111
0.0
0.0
0.05789473684210526
0.0
0.1111111111111111
0.0
0.2
0.0
0.3333333333333333
0.16666666666666666
0.0
0.0
0.14814814814814814
0.0
0.033707865168539325
0.08260869565217391
0.04
0.0
0.0
0.0
0.5
0.0
0.5
0.019417475728155338
0.0
0.03333333333333333
0.06666666666666667
0.0
0.0
0.0
0.125
0.22857142857142856
0.0
0.02631578947368421
0.0
0.0967741935483871
0.0
0.0
0.0
0.12
0.0
0.18181818181818182
0.0
0.5
0.16666666666666666
0.17647058823529413
0.5
0.0
0.3333333333333333
0.25
0.0
0.0
0.0
0.11965811965811966
0.0
0.023255813953488372
0.10344827586206896
0.02631578947368421
0.0
0.0
0.10416666666666667
0.07604251839738348
0.0
0.017241379310344827
0.09259259259259259
0.05454545454545454
0.08333333333333333
0.2
0.030303030303030304
1.0
0.0
0.0
0.4
0.375
0.0
0.0
0.0
0.0
0.5
0.6666666666666666
0.05825242718446602
0.25
0.06591639871382636
0.07133757961783439
0.08333333333333333
0.0
0.10810810810810811
0.12727272727272726
0.06339468302658487
0.0
0.0398406374501992
0.16666666666666666
0.08571428571428572
0.6666666666666666
0.031446540880503145
0.0
0.030303030303030304
0.0
0.0
0.2222222222222222
0.09523809523809523
0.1346153846153846
0.3333333333333333
0.0
0.0
0.0
0.18181818181818182
0.10252365930599369
0.16666666666666666
0.05555555555555555
0.25
0.0
0.11475409836065574
0.0
0.0
0.08360128617363344
0.0
0.12072072072072072
0.0
0.06666666666666667
0.0
0.037037037037037035
0.0
0.0
0.0
0.1
0.11494252873563218
0.0
0.5
0.5
0.0
0.0
0.0
0.08333333333333333
0.0
0.08856088560885608
0.0
0.05970149253731343
0.5
0.0
0.05
0.2
0.14285714285714285
0.6
0.0
0.2857142857142857
0.0
1.0
0.08888888888888889
0.1
0.0
0.06986143187066975
0.06666666666666667
0.08333333333333333
0.030534351145038167
0.05084745762711865
0.0
0.045454545454545456
0.0
0.04081632653061224
0.07038123167155426
0.4
0.14285714285714285
0.21428571428571427
0.07692307692307693
0.09090909090909091
0.05405405405405406
0.08181818181818182
0.1270718232044199
0.0
0.1111111111111111
0.0
0.04081632653061224
0.08333333333333333
0.0
0.0
0.2
0.07480314960629922
0.0625
0.0
0.0
0.0
0.0
0.0
0.07046070460704607
0.0
0.0
0.25
0.0
0.0
0.0
0.5
0.03289473684210526
0.0
0.0
0.0
0.0
0.6
0.3
0.06557377049180328
0.09259259259259259
0.08333333333333333
0.5
0.0
0.25
0.0
0.25
0.0
0.0
0.3333333333333333
0.5
0.3333333333333333
0.11576673866090713
0.061224489795918366
0.038461538461538464
0.07462686567164178
0.0
0.039634146341463415
0.14285714285714285
0.04693140794223827
0.06521739130434782
0.13636363636363635
0.14285714285714285
0.42857142857142855
0.0
0.0
0.0
0.0
0.2222222222222222
0.0
0.2
0.0
0.125
0.07936507936507936
0.0
0.3333333333333333
0.05555555555555555
0.0
0.0
0.043478260869565216
0.09523809523809523
0.06349206349206349
0.3333333333333333
0.0
0.18181818181818182
0.043478260869565216
0.25
0.05970149253731343
0.1794871794871795
0.0
0.06363636363636363
0.25
0.046296296296296294
0.0
0.0
0.3333333333333333
0.0
0.0
0.0
0.0603448275862069
0.024390243902439025
0.0
0.0
0.0
0.0
0.5
0.25
0.0
0.18181818181818182
0.42857142857142855
0.0
0.0
0.047619047619047616
0.068
0.0
0.1346153846153846
0.25
0.05642633228840126
0.0
0.08921161825726141
0.25
0.17391304347826086
0.08396946564885496
0.18181818181818182
0.0
0.03758389261744966
0.07575757575757576
0.03614457831325301
0.14285714285714285
0.0
0.0425531914893617
0.25
0.12087912087912088
0.13709677419354838
0.0
0.0
0.0
0.05154639175257732
0.5
0.11702127659574468
0.0
0.02037351443123939
0.2
0.08027522935779817
0.0
0.0
0.06719367588932806
0.0
0.18181818181818182
0.3333333333333333
1.0
0.17391304347826086
0.16666666666666666
0.1111111111111111
0.09090909090909091
0.3333333333333333
0.0
0.0
0.0
0.0
0.0963855421686747
1.0
0.0
0.05384615384615385
0.0
0.0
0.0
0.25
0.0
0.0
0.0
0.17647058823529413
0.0
0.02531645569620253
0.14285714285714285
0.0
0.014705882352941176
0.6666666666666666
0.0
0.0
0.0
0.25
0.11956521739130435
0.16666666666666666
0.07065217391304347
0.06276150627615062
0.08875739644970414
0.0
0.21428571428571427
0.0
0.06966618287373004
0.0
0.13333333333333333
0.0
0.045454545454545456
0.1836734693877551
0.10714285714285714
1.0
0.25
0.0
0.0
0.0
0.0
0.04
0.1111111111111111
0.0
0.1568627450980392
0.0
0.0
0.0
0.14285714285714285
0.09090909090909091
0.0
0.09523809523809523
0.05619266055045872
0.25
0.06
0.0
0.06451612903225806
0.07142857142857142
0.02824858757062147
0.07746478873239436
0.0875
0.0
0.1125
0.0
0.0
0.11842105263157894
0.0
0.07202216066481995
0.09187279151943463
0.0
0.0
0.0
0.0
0.029411764705882353
0.08333333333333333
0.0
0.05726872246696035
0.125
0.0
0.0
0.2222222222222222
0.0
0.0
0.0
0.0
0.04438860971524288
0.0
0.0
0.35714285714285715
0.0
0.06435643564356436
0.0
0.0
0.0
0.09333333333333334
0.16666666666666666
0.12121212121212122
0.2
0.0
0.25
0.3333333333333333
0.0
0.0
0.5
0.0
0.5
0.2777777777777778
0.05555555555555555
0.2857142857142857
0.0
0.0
0.0
0.0
0.5
0.3333333333333333
0.3333333333333333
0.16666666666666666
0.07407407407407407
0.25
0.0
0.025974025974025976
0.3333333333333333
0.14285714285714285
0.0873015873015873
0.0
0.3333333333333333
0.0
0.09090909090909091
0.2857142857142857
0.0
0.0
0.0
0.0
0.3333333333333333
0.0
0.07407407407407407
0.25
0.0
0.5
1.0
0.0
0.0
0.0
0.3333333333333333
0.04113614103819784
0.2777777777777778
0.0
0.0
0.0
0.0
1.0
0.25
0.5
0.0
0.09523809523809523
0.03614457831325301
0.0
0.3
0.12422360248447205
0.0
0.08191126279863481
0.0
0.1347517730496454
0.08695652173913043
1.0
