0.0
0.5
1.6666666666666665
0.8130081300813008
0.31746031746031744
0.0
0.0
0.8333333333333333
0.0
0.65
2.0
2.5
5.0
0.4081632653061224
0.0
2.5
1.0
0.0
1.9047619047619047
0.3
1.0346798780487805
0.0
0.625
1.5384615384615385
0.0
0.4
1.0
1.875
0.0
0.0
0.0
0.585480093676815
0.7070707070707071
0.8534621578099839
0.39215686274509803
0.0
2.142857142857143
0.8433734939759036
0.847457627118644
1.6666666666666665
0.5172413793103449
0.6382978723404255
0.0
1.0377358490566038
0.703125
0.5353728489483748
0.0
0.4635761589403974
0.4986876640419947
0.6666666666666666
0.8333333333333333
0.5905511811023622
0.0
0.0
0.43859649122807015
0.7160804020100503
0.6875
0.49875311720698257
0.0
1.4285714285714284
0.0
0.9821428571428571
0.0
2.2222222222222223
6.666666666666666
0.625
0.5970149253731343
0.7000000000000001
1.2195121951219512
0.8799999999999999
0.2564102564102564
0.0
1.4285714285714284
0.0
0.7490636704119851
0.0
1.4285714285714284
0.0
1.4285714285714284
0.2777777777777778
0.5555555555555556
3.333333333333333
0.7344008834897847
1.09375
0.0
5.0
0.7859078590785907
0.0
4.0
0.9268292682926829
0.0
1.5789473684210527
0.0
1.6666666666666665
2.8571428571428568
0.9523809523809523
0.0
0.7166666666666667
1.1111111111111112
0.0
0.0
0.0
1.206896551724138
5.0
2.5
1.2195121951219512
0.7322654462242563
0.9090909090909092
0.6382978723404255
0.0
0.0
0.39215686274509803
0.8561643835616438
0.0
0.5818181818181818
0.5614035087719298
0.5603448275862069
3.75
0.0
0.0
1.5094339622641508
1.25
0.0
0.8823529411764707
1.0169491525423728
0.6756756756756757
0.8171206225680934
1.6666666666666665
0.0
0.0
0.8333333333333333
0.38461538461538464
0.3448275862068966
0.0
0.6106870229007634
0.847457627118644
0.5714285714285714
0.8333333333333333
0.5882352941176471
1.1226765799256504
0.2272727272727273
0.8064516129032258
0.7547169811320754
0.8108108108108109
0.5714285714285714
0.9523809523809523
0.5329153605015674
0.0
0.5874999999999999
0.967741935483871
0.0
1.25
2.0
0.0
0.0
0.6920415224913495
0.6622516556291391
1.7391304347826086
0.5617977528089888
0.0
0.0
0.0
0.9523809523809523
0.0
0.0
3.0
0.8310626702997276
0.9027777777777778
0.0
0.0
0.25
0.0
0.0
2.5
1.2328767123287672
0.48034934497816595
0.5673758865248226
0.4601226993865031
1.3333333333333333
1.2903225806451613
0.41666666666666663
1.5909090909090908
0.0
0.0
1.5384615384615385
1.6393442622950818
0.5151515151515151
0.8045977011494253
0.7272727272727273
0.8860759493670887
0.5177993527508091
0.0
0.0
5.0
0.888888888888889
0.0
0.0
0.0
0.8344549125168237
0.6122448979591837
0.6976744186046512
1.0
2.0
0.5555555555555556
0.0
0.5405405405405406
0.5309734513274336
1.0344827586206897
0.5442176870748299
0.5228758169934641
1.276595744680851
0.5617977528089888
1.0526315789473684
0.38461538461538464
0.8333333333333333
0.4285714285714286
0.6587837837837838
1.0
1.0843373493975903
0.693815987933635
0.0
0.9523809523809523
0.0
0.0
2.727272727272727
0.7142857142857142
0.0
0.9523809523809523
0.0
0.9210526315789473
1.2121212121212122
0.0
2.25
0.13513513513513514
3.333333333333333
0.38461538461538464
0.2564102564102564
0.0
0.0
0.0
1.0126582278481013
1.4285714285714284
0.0
1.6071428571428572
1.09375
0.38461538461538464
0.6122448979591837
0.5063291139240507
0.5970149253731343
2.0
0.5
0.9649122807017543
0.0
0.5128205128205128
0.8016877637130803
0.0
0.1639344262295082
0.0
0.0
1.0526315789473684
0.6779661016949152
1.8181818181818183
0.0
0.7407407407407407
1.5116279069767442
1.0101010101010102
0.0
0.6983718937446444
0.498220640569395
0.4225352112676056
4.285714285714286
0.625
0.5232558139534884
0.6779661016949152
0.0
0.9523809523809523
5.0
0.0
1.25
2.5
1.1111111111111112
0.0
1.6666666666666665
0.0
0.0
1.1504424778761062
0.8333333333333333
0.0
1.2605042016806722
0.0
0.0
5.0
0.0
0.0
0.0
0.40214477211796246
0.38461538461538464
0.0
0.0
0.8695652173913043
0.8196721311475409
0.28169014084507044
3.333333333333333
0.0
1.5
0.8974358974358975
0.0
0.673076923076923
0.0
0.5928853754940712
1.3793103448275863
0.5747126436781609
1.2593984962406015
0.9090909090909092
0.8744394618834082
1.25
0.8
0.0
1.5789473684210527
0.64
0.2564102564102564
0.64
0.6382978723404255
0.5361930294906166
0.7142857142857142
0.38461538461538464
0.23622047244094488
0.0
0.5031876138433515
0.3448275862068966
0.7692307692307693
0.0
0.974025974025974
0.3125
0.45161290322580644
3.5714285714285716
2.5
0.0
5.0
0.38461538461538464
0.5172413793103449
0.0
0.0
1.1111111111111112
1.2121212121212122
1.25
0.7692307692307693
0.6593406593406593
10.0
1.6666666666666665
0.6060606060606061
1.2179487179487178
0.35398230088495575
0.25
0.0
1.4285714285714284
1.6666666666666665
0.0
0.5882352941176471
0.0
0.835102618542109
0.7246376811594203
0.6954887218045113
1.5555555555555556
0.4477611940298507
1.5254237288135595
0.5882352941176471
0.8116883116883117
0.0
1.1111111111111112
0.8823529411764707
0.8490566037735848
3.333333333333333
0.0
1.242603550295858
0.3225806451612903
0.4
0.22222222222222224
2.0
0.2830188679245283
0.5894105894105894
0.0
0.4444444444444445
0.32967032967032966
2.1052631578947367
0.0
0.0
0.39215686274509803
0.7142857142857142
0.4545454545454546
0.0
0.8
0.2272727272727273
0.0
0.625
0.891089108910891
0.7692307692307693
0.0
0.0
0.5660377358490566
0.3125
0.18181818181818182
0.47619047619047616
2.0
0.46511627906976744
0.35874439461883406
0.0
0.46511627906976744
0.0
1.206896551724138
0.0
0.8
0.5529953917050692
0.7534246575342465
0.6818181818181818
0.0
0.0
0.5844155844155844
0.0
1.0909090909090908
0.22222222222222224
0.0
0.9433962264150944
0.8333333333333333
0.0
0.24390243902439024
0.0
0.0
0.0
0.5844155844155844
0.888888888888889
0.41420118343195267
0.8843537414965986
0.0
0.0
0.9523809523809523
0.625
0.0
0.0
1.3333333333333333
0.6086956521739131
0.0
1.0256410256410255
0.3448275862068966
0.9375
10.0
0.2857142857142857
0.9090909090909092
0.0
0.0
0.0
0.4488778054862843
1.8181818181818183
0.0
1.3793103448275863
0.576923076923077
1.3636363636363635
0.0
1.5625
0.0
0.9090909090909092
2.0
1.0071942446043165
1.15702479338843
0.41666666666666663
0.2857142857142857
0.0
1.6666666666666665
0.5813953488372093
0.0
0.0
0.0
0.0
0.6
0.0
0.43478260869565216
3.333333333333333
2.727272727272727
0.0
0.8444444444444444
0.870942201108472
0.0
0.18518518518518517
0.8108108108108109
1.4285714285714284
0.5813953488372093
1.8181818181818183
3.333333333333333
0.967741935483871
0.43478260869565216
0.5460218408736349
1.1891891891891893
0.0
0.3726708074534162
0.8256880733944955
0.0
0.0
0.9302325581395349
0.0
0.6015037593984962
0.9722222222222222
2.307692307692308
0.7142857142857142
0.6666666666666666
0.6666666666666666
1.6666666666666665
1.0256410256410255
0.0
0.5494505494505495
2.5
0.7396449704142012
5.0
0.3773584905660377
0.9230769230769231
1.1851851851851851
4.0
0.0
0.4854368932038835
1.0714285714285714
3.333333333333333
0.0
5.0
0.576923076923077
0.5102040816326531
0.8928571428571429
0.963855421686747
0.0
2.0
0.6289308176100629
0.0
0.8588957055214724
0.0
0.4216867469879518
0.9090909090909092
1.875
1.1111111111111112
0.5
0.0
0.7272727272727273
0.8808290155440414
0.8333333333333333
0.43478260869565216
0.8148148148148149
0.625
0.5384615384615385
0.0
4.0
0.0
0.0
0.5
1.2121212121212122
1.2
0.7692307692307693
1.25
0.0
0.0
0.7407407407407407
1.0796915167095116
0.0
0.0
0.0
0.5882352941176471
0.09433962264150943
0.7692307692307693
0.6818181818181818
0.8771929824561403
0.0
1.6666666666666665
1.5384615384615385
0.39215686274509803
0.0
0.8243243243243243
1.282051282051282
2.5
0.0
2.0
0.6878306878306878
1.1627906976744187
0.7299270072992701
0.5882352941176471
0.14705882352941177
0.5870841487279843
0.7042253521126761
0.0
0.7079646017699115
0.7575757575757576
0.8163265306122448
0.78125
3.333333333333333
0.888888888888889
1.1111111111111112
1.7391304347826086
0.9859154929577464
0.0
0.0
0.0
0.3773584905660377
0.42105263157894735
0.6511627906976745
0.7865168539325842
0.3571428571428571
0.8333333333333333
4.0
0.9523809523809523
1.4285714285714284
0.975609756097561
1.0
1.1111111111111112
0.0
0.43478260869565216
0.9278350515463918
0.8484848484848485
0.0
0.4929577464788732
1.0204081632653061
6.666666666666666
0.5
0.5882352941176471
0.39473684210526316
0.0
0.0
0.5622489959839357
0.6712962962962964
0.8205128205128205
1.267605633802817
0.0
0.3571428571428571
0.0
0.0
0.8333333333333333
0.0
1.6666666666666665
0.0
0.5042016806722689
0.4225352112676056
0.8207399687337156
0.5128205128205128
1.1111111111111112
0.0
5.0
1.1320754716981132
0.0
1.25
0.0
0.0
0.0
1.25
1.0526315789473684
1.25
1.25
0.0
0.0
0.7588075880758807
0.0
0.47619047619047616
1.0606060606060606
0.5714285714285714
0.0
0.730593607305936
0.0
0.0
0.8108108108108109
2.0
0.6103286384976526
1.6666666666666665
0.0
0.18018018018018017
1.2727272727272725
0.7116788321167883
0.9375
0.0
0.18518518518518517
0.5102040816326531
0.3389830508474576
0.0
1.3333333333333333
2.0
1.079136690647482
0.0
0.0
1.1111111111111112
3.333333333333333
0.8771929824561403
0.0
0.7575757575757576
4.0
1.4285714285714284
0.6060606060606061
1.4008620689655171
2.8571428571428568
5.0
0.0
0.41666666666666663
0.2857142857142857
0.5691056910569106
0.0
1.106382978723404
0.6741573033707865
2.0
0.6569343065693432
1.25
0.43478260869565216
0.0
0.3571428571428571
0.8465608465608465
1.0256410256410255
0.0
0.9473684210526316
0.8196721311475409
0.0
0.0
0.0
0.9375
1.6666666666666665
0.7531380753138075
0.0
2.5
0.0
0.7407407407407407
0.38022813688212925
1.0344827586206897
1.4634146341463414
0.8270676691729323
2.5
0.6686046511627907
0.0
1.6666666666666665
0.2564102564102564
1.0
0.7692307692307693
0.6521739130434783
0.0
0.0
0.21739130434782608
0.8333333333333333
0.625
0.0
0.0
0.7368421052631579
1.0638297872340425
0.0
0.0
2.0
0.0
3.333333333333333
0.0
5.0
0.0
0.888888888888889
1.1059907834101383
0.25773195876288657
2.5
0.0
1.0
1.0526315789473684
0.7547169811320754
0.0
1.1111111111111112
0.9574468085106382
0.948905109489051
0.0
0.8064516129032258
3.333333333333333
1.0714285714285714
0.0
0.39274924471299094
0.46153846153846156
0.0
3.333333333333333
0.75
0.0
1.1111111111111112
0.7978723404255319
2.0
5.0
0.12987012987012989
0.8882747729964469
1.0810810810810811
3.333333333333333
0.0
0.625
0.6
0.0
0.8917197452229298
1.875
0.9090909090909092
0.0
0.20833333333333331
0.9090909090909092
0.0
0.0
0.3278688524590164
3.333333333333333
0.8333333333333333
1.0256410256410255
0.0
0.0
1.6666666666666665
2.8571428571428568
0.0
0.6976744186046512
0.0
0.0
0.9090909090909092
1.4634146341463414
0.6299212598425197
1.0869565217391304
0.8108108108108109
10.0
0.7547169811320754
5.0
1.0294117647058822
0.0
0.7692307692307693
0.37914691943127965
0.0
0.9090909090909092
0.7142857142857142
3.333333333333333
0.3448275862068966
0.847457627118644
0.0
1.3636363636363635
0.9090909090909092
0.0
0.0
0.0
0.0
3.333333333333333
0.7843137254901961
0.9433962264150944
1.9047619047619047
0.564516129032258
0.0
2.0
0.0
0.0
10.0
1.206896551724138
0.425531914893617
0.9375
0.2272727272727273
0.673076923076923
0.6578947368421052
0.0
0.0
0.5181347150259067
0.7692307692307693
1.0526315789473684
5.0
0.0
1.1363636363636362
0.24691358024691357
1.1917098445595855
0.8695652173913043
1.3043478260869565
0.0
2.5
1.0784313725490198
0.4081632653061224
0.43478260869565216
0.4545454545454546
0.0
0.0
2.5
0.0
0.7978723404255319
0.0
0.0
0.0
1.4285714285714284
0.0
0.0
0.9375
0.11363636363636365
1.0
1.0638297872340425
5.0
0.0
2.5
1.25
0.0
0.0
3.333333333333333
2.5
0.7954545454545454
0.0
0.8287292817679558
0.2777777777777778
1.015625
0.5714285714285714
2.5
0.0
0.0
0.45384615384615384
0.7207207207207207
0.4878048780487805
0.6666666666666666
0.5524861878453038
0.4
0.0
0.0
0.0
0.8029197080291971
0.0
1.0666666666666667
0.5263157894736842
1.2
0.46875
0.2272727272727273
1.0
1.3559322033898304
1.25
0.0
0.0
0.49382716049382713
3.333333333333333
0.0
0.0
2.5
2.5
1.707317073170732
0.0
0.9523809523809523
0.0
2.2222222222222223
0.0
1.0862619808306708
0.9523809523809523
0.0
3.333333333333333
0.425531914893617
0.0
0.75
0.23255813953488372
2.8571428571428568
0.0
0.4519774011299435
0.0
0.9615384615384616
0.7514450867052024
0.888888888888889
1.1111111111111112
0.7142857142857142
0.0
0.0
0.0
3.333333333333333
0.0
0.6329113924050633
5.0
0.0
1.0638297872340425
1.153846153846154
0.0
0.0
0.0
0.0
1.2941176470588236
2.5
0.0
2.5
0.0
1.1111111111111112
0.0
0.0
0.5789473684210527
0.0
1.1111111111111112
0.0
2.0
0.0
3.333333333333333
1.6666666666666665
0.0
0.0
1.4814814814814814
0.0
0.33707865168539325
0.826086956521739
0.4
0.0
0.0
0.0
5.0
0.0
5.0
0.19417475728155337
0.0
0.3333333333333333
0.6666666666666666
0.0
0.0
0.0
1.25
2.2857142857142856
0.0
0.2631578947368421
0.0
0.967741935483871
0.0
0.0
0.0
1.2
0.0
1.8181818181818183
0.0
5.0
1.6666666666666665
1.7647058823529413
5.0
0.0
3.333333333333333
2.5
0.0
0.0
0.0
1.1965811965811965
0.0
0.23255813953488372
1.0344827586206897
0.2631578947368421
0.0
0.0
1.0416666666666667
0.7604251839738347
0.0
0.1724137931034483
0.9259259259259258
0.5454545454545454
0.8333333333333333
2.0
0.30303030303030304
10.0
0.0
0.0
4.0
3.75
0.0
0.0
0.0
0.0
5.0
6.666666666666666
0.5825242718446602
2.5
0.6591639871382636
0.7133757961783439
0.8333333333333333
0.0
1.0810810810810811
1.2727272727272725
0.6339468302658486
0.0
0.398406374501992
1.6666666666666665
0.8571428571428572
6.666666666666666
0.31446540880503143
0.0
0.30303030303030304
0.0
0.0
2.2222222222222223
0.9523809523809523
1.346153846153846
3.333333333333333
0.0
0.0
0.0
1.8181818181818183
1.025236593059937
1.6666666666666665
0.5555555555555556
2.5
0.0
1.1475409836065573
0.0
0.0
0.8360128617363344
0.0
1.2072072072072073
0.0
0.6666666666666666
0.0
0.37037037037037035
0.0
0.0
0.0
1.0
1.1494252873563218
0.0
5.0
5.0
0.0
0.0
0.0
0.8333333333333333
0.0
0.8856088560885609
0.0
0.5970149253731343
5.0
0.0
0.5
2.0
1.4285714285714284
6.0
0.0
2.8571428571428568
0.0
10.0
0.888888888888889
1.0
0.0
0.6986143187066974
0.6666666666666666
0.8333333333333333
0.3053435114503817
0.5084745762711864
0.0
0.4545454545454546
0.0
0.4081632653061224
0.7038123167155426
4.0
1.4285714285714284
2.142857142857143
0.7692307692307693
0.9090909090909092
0.5405405405405406
0.8181818181818181
1.270718232044199
0.0
1.1111111111111112
0.0
0.4081632653061224
0.8333333333333333
0.0
0.0
2.0
0.7480314960629921
0.625
0.0
0.0
0.0
0.0
0.0
0.7046070460704607
0.0
0.0
2.5
0.0
0.0
0.0
5.0
0.3289473684210526
0.0
0.0
0.0
0.0
6.0
3.0
0.6557377049180328
0.9259259259259258
0.8333333333333333
5.0
0.0
2.5
0.0
2.5
0.0
0.0
3.333333333333333
5.0
3.333333333333333
1.1576673866090712
0.6122448979591837
0.38461538461538464
0.7462686567164178
0.0
0.39634146341463417
1.4285714285714284
0.4693140794223827
0.6521739130434783
1.3636363636363635
1.4285714285714284
4.285714285714286
0.0
0.0
0.0
0.0
2.2222222222222223
0.0
2.0
0.0
1.25
0.7936507936507936
0.0
3.333333333333333
0.5555555555555556
0.0
0.0
0.43478260869565216
0.9523809523809523
0.6349206349206349
3.333333333333333
0.0
1.8181818181818183
0.43478260869565216
2.5
0.5970149253731343
1.794871794871795
0.0
0.6363636363636362
2.5
0.4629629629629629
0.0
0.0
3.333333333333333
0.0
0.0
0.0
0.603448275862069
0.24390243902439024
0.0
0.0
0.0
0.0
5.0
2.5
0.0
1.8181818181818183
4.285714285714286
0.0
0.0
0.47619047619047616
0.68
0.0
1.346153846153846
2.5
0.5642633228840126
0.0
0.8921161825726142
2.5
1.7391304347826086
0.8396946564885497
1.8181818181818183
0.0
0.3758389261744966
0.7575757575757576
0.3614457831325301
1.4285714285714284
0.0
0.425531914893617
2.5
1.2087912087912087
1.3709677419354838
0.0
0.0
0.0
0.5154639175257731
5.0
1.1702127659574468
0.0
0.2037351443123939
2.0
0.8027522935779817
0.0
0.0
0.6719367588932806
0.0
1.8181818181818183
3.333333333333333
10.0
1.7391304347826086
1.6666666666666665
1.1111111111111112
0.9090909090909092
3.333333333333333
0.0
0.0
0.0
0.0
0.963855421686747
10.0
0.0
0.5384615384615385
0.0
0.0
0.0
2.5
0.0
0.0
0.0
1.7647058823529413
0.0
0.25316455696202533
1.4285714285714284
0.0
0.14705882352941177
6.666666666666666
0.0
0.0
0.0
2.5
1.1956521739130435
1.6666666666666665
0.7065217391304347
0.6276150627615062
0.8875739644970414
0.0
2.142857142857143
0.0
0.6966618287373004
0.0
1.3333333333333333
0.0
0.4545454545454546
1.836734693877551
1.0714285714285714
10.0
2.5
0.0
0.0
0.0
0.0
0.4
1.1111111111111112
0.0
1.5686274509803921
0.0
0.0
0.0
1.4285714285714284
0.9090909090909092
0.0
0.9523809523809523
0.5619266055045872
2.5
0.6
0.0
0.6451612903225806
0.7142857142857142
0.2824858757062147
0.7746478873239436
0.875
0.0
1.125
0.0
0.0
1.1842105263157894
0.0
0.7202216066481995
0.9187279151943463
0.0
0.0
0.0
0.0
0.29411764705882354
0.8333333333333333
0.0
0.5726872246696035
1.25
0.0
0.0
2.2222222222222223
0.0
0.0
0.0
0.0
0.4438860971524288
0.0
0.0
3.5714285714285716
0.0
0.6435643564356436
0.0
0.0
0.0
0.9333333333333333
1.6666666666666665
1.2121212121212122
2.0
0.0
2.5
3.333333333333333
0.0
0.0
5.0
0.0
5.0
2.7777777777777777
0.5555555555555556
2.8571428571428568
0.0
0.0
0.0
0.0
5.0
3.333333333333333
3.333333333333333
1.6666666666666665
0.7407407407407407
2.5
0.0
0.25974025974025977
3.333333333333333
1.4285714285714284
0.873015873015873
0.0
3.333333333333333
0.0
0.9090909090909092
2.8571428571428568
0.0
0.0
0.0
0.0
3.333333333333333
0.0
0.7407407407407407
2.5
0.0
5.0
10.0
0.0
0.0
0.0
3.333333333333333
0.41136141038197843
2.7777777777777777
0.0
0.0
0.0
0.0
10.0
2.5
5.0
0.0
0.9523809523809523
0.3614457831325301
0.0
3.0
1.2422360248447204
0.0
0.8191126279863481
0.0
1.3475177304964538
0.8695652173913043
10.0
