2
1
2
1
8
5
4
2
2
1
1
1
1
2
3
3
2
2
7
1
1
2
3
2
1
1
1
2
1
2
1
1
23
1
1
9
1
7
1
1
3
1
1
4
2
8
1
8
4
1
1
4
2
1
1
1
1
2
3
211
3
1
3
1
1
1
1
5
5
6
1
2
2
2
1
1
8
1
1
2
2
1
5
4
23
4
4
1
14
1
1
1
1
1
1
7
7
1
1
1
1
1
8
1
1
3
2
1
1
5
2
3
1
21
5
12
1
1
5
5
1
4
4
1
1
1
5
15
5
1
1
4
6
1
1
3
2
3
1
1
1
1
1
1
4
1
35
7
5
1
5
12
14
1
1
15
2
3
1
2
1
1
7
4
1
7
1
1
1
5
2
6
3
1
2
2
1
1
8
1
1
5
1
7
4
1
5
16
1
1
2
12
1
8
7
2
2
5
2
14
2
3
2
2
9
7
5
1
2
1
1
3
9
1
1
1
12
3
1
3
2
2
25
1
2
1
1
2
2
28
2
8
1
3
1
1
1
18
4
1
1
5
1
7
1
7
2
1
1
1
1
1
2
1
2
1
4
1
3
3
1
1
1
2
1
6
3
7
5
4
2
4
2
2
9
3
1
1
1
1
1
2
3
2
1
1
1
9
6
1
3
5
1
6
29
4
3
2
1
15
4
1
1
1
1
15
1
2
1
2
1
1
4
2
8
1
7
4
33
1
1
1
1
6
1
1
3
1
1
1
2
3
3
1
1
1
3
9
1
1
1
8
1
3
7
1
3
1
4
9
6
1
4
1
4
2
1
1
1
2
1
2
1
2
3
1
1
1
10
5
2
4
1
1
1
2
1
2
1
3
7
1
1
4
7
2
1
2
1
1
1
4
73
39
2
2
6
2
1
1
1
1
1
5
2
1
5
2
1
1
1
1
1
5
2
1
1
1
4
1
4
5
1
1
1
1
1
5
1
1
2
3
1
1
1
1
2
4
4
3
6
1
22
1
1
6
4
5
1
1
3
6
1
7
2
3
2
1
9
1
3
13
1
1
3
2
4
1
1
1
1
1
3
1
2
3
1
2
2
1
5
1
5
11
4
1
5
1
97
2
1
1
3
1
1
1
1
2
2
2
5
3
2
9
2
1
1
3
5
2
1
1
3
1
2
8
12
7
4
1
1
1
1
5
2
1
17
2
2
3
1
1
1
49
102
2
1
1
1
1
3
1
1
1
1
13
5
1
2
1
3
12
8
7
1
1
10
1
3
1
1
1
5
14
2
14
1
35
2
1
1
1
1
3
1
7
1
1
11
1
1
7
1
1
3
7
1
3
1
1
1
6
4
1
2
1
3
1
1
1
1
2
4
2
1
1
7
1
3
6
2
1
1
4
8
1
6
1
44
1
1
2
1
3
1
1
1
9
1
1
1
1
1
1
5
1
2
1
5
3
3
7
1
4
2
1
2
16
1
2
7
11
1
1
4
1
1
4
2
10
3
3
18
1
3
1
1
1
1
2
1
9
1
1
1
2
2
2
6
1
1
3
1
2
2
4
1
1
4
1
1
1
4
1
1
2
10
1
2
1
1
1
1
1
1
2
1
1
21
2
1
1
14
7
1
9
4
1
2
1
1
1
2
2
1
5
3
2
8
1
1
1
1
1
4
46
1
5
1
1
1
1
3
5
4
1
2
1
3
2
1
1
1
5
1
1
7
2
6
2
2
2
1
1
4
1
12
18
4
3
1
13
8
1
2
3
4
20
1
1
1
3
2
1
1
1
1
2
2
1
1
3
1
7
4
10
4
4
21
8
1
1
9
1
1
1
4
5
1
3
1
1
2
1
1
1
2
1
6
1
1
1
1
1
1
1
3
3
2
8
2
1
1
32
2
1
1
1
1
27
5
3
4
2
1
2
2
1
1
1
1
1
5
1
2
1
2
7
1
8
1
1
5
8
1
1
2
1
2
3
2
24
1
2
1
1
6
4
1
1
1
6
1
1
2
1
1
9
3
1
1
1
16
1
3
1
1
2
2
2
1
3
1
16
1
1
1
83
1
30
1
6
5
1
1
1
9
1
3
1
1
1
2
65
3
2
4
2
2
1
8
4
3
1
2
148
14
1
1
1
2
2
2
1
1
2
3
10
2
2
1
1
1
1
2
4
1
1
1
3
1
1
1
5
2
1
1
5
5
1
1
3
1
8
1
2
3
3
1
18
1
1
2
12
4
1
2
1
8
2
2
1
2
3
1
1
1
1
2
3
1
15
26
28
3
3
1
4
1
1
1
2
3
1
1
5
2
3
5
52
1
4
1
3
1
1
2
5
7
2
1
1
4
1
2
6
30
1
12
1
1
1
1
1
6
3
1
1
1
3
1
6
1
4
5
2
1
1
3
3
1
4
13
1
1
7
2
1
1
1
20
1
3
3
4
2
350
1
1
1
3
1
6
2
1
1
1
13
2
1
10
2
4
1
2
1
1
1
1
5
4
1
1
1
1
10
1
1
1
88
1
1
6
1
2
7
2
18
3
2
1
1
7
1
6
1
5
2
1
1
2
1
1
1
2
1
1
4
2
1
1
7
2
1
1
4
1
1
6
4
1
1
1
6
1
1
2
1
1
1
1
1
1
2
1
1
1
5
1
54
1
1
1
1
1
1
1
16
1
2
4
1
4
1
1
114
2
1
3
1
2
3
1
18
1
4
2
1
1
1
6
2
2
1
2
2
1
2
2
1
3
6
1
5
1
1
2
2
1
4
1
19
3
3
1
1
1
2
1
6
2
7
1
1
5
1
1
6
1
1
5
1
1
1
2
1
1
1
1
1
4
1
1
6
9
1
12
3
1
1
5
1
2
2
7
1
1
1
2
5
1
1
21
1
1
4
1
5
6
1
1
1
1
2
15
3
1
1
4
4
10
1
8
1
1
8
1
1
1
1
8
8
4
6
1
2
1
1
1
1
2
1
4
5
7
1
1
1
5
1
2
4
19
1
4
1
1
1
2
3
1
1
1
1
3
2
1
1
1
6
21
1
2
1
1
1
1
2
14
1
1
8
1
5
3
2
8
1
6
1
5
1
2
1
8
1
2
1
5
1
2
10
6
1
12
7
6
5
6
1
18
1
1
1
6
1
17
1
1
1
1
3
1
1
2
6
1
5
2
1
4
3
1
2
5
2
1
4
21
10
1
1
1
1
1
7
2
1
1
2
2
1
65
1
9
4
10
10
1
3
1
2
1
1
3
3
2
1
1
1
2
1
1
3
1
3
2
1
1
1
3
