55
1
3
2
417
213
1
74
34
3
167
1
13
41
1
3
1
87
21
1
62
24
94
3
14
15
2
1
2
345
6
11
338
12
2
46
1
1068
1
1
4
2
6
119
15
31
2
2
32
3
1
73
71
3
58
1
1
1
52
3394
51
5
88
2
35
4
44
153
201
183
15
125
79
60
2
6
27
1
5
20
2
1
64
3
46
133
1
8
140
12
7
5
34
7
1
52
266
10
58
13
1
15
5
15
1
16
1
99
2
1
6
3
7
268
20
1995
25
1
199
133
12
4
13
3
1
5
40
16
94
1
214
62
423
1
5
2
30
33
3
1
369
2
106
48
6
1
498
152
2
2
35
139
146
1
6
245
33
23
34
47
7
1
303
30
2
237
14
3
18
80
27
1
10
1
1
29
144
20
170
17
1
2
31
246
36
16
49
211
72
2
104
310
7
20
140
4
3
74
1
24
51
54
27
56
10
79
120
5
1
19
1
309
470
4
4
16
22
34
7
17
75
2
505
1
1
2
1
25
64
109
14
37
3
3
16
1
4
759
128
1
1
360
1
2
1
93
4
1
11
11
3
4
1
1
250
2
1
6
79
22
1
2
2
1
2
1
33
1
120
7
41
193
56
25
118
29
6
1
1
2
2
6
7
29
8
7
1
163
146
5
2
42
1
31
506
36
10
9
1
573
49
10
1
1
1
175
7
2
8
29
2
1
23
302
294
8
153
77
25
1
11
1
16
12
59
1
3
3
163
1
8
1
4
1
1
10
22
47
5
1
150
1
40
11
5
1
27
71
16
16
207
2
190
53
63
2
1
13
1
158
2
122
1
116
84
1
2
20
7
2
4
79
73
5
8
8
1
1
2
36
4
1
78
38
48
1
2
2
2
1
1
208
502
384
2
150
2
1
3
253
1
1
1
1
5
39
2
1
2
44
109
66
8
81
32
31
2
2
94
1
18
357
1
1
3
56
1
110
2
2
1
3
2
37
12
4
3
60
23
2
111
23
123
1
3
48
77
13
1
1
34
889
4
53
30
13
9
6
161
3
25
1
35
2
5
2
32
35
2
1
4
28
28
1
8
42
1
13
89
1
106
16
75
39
12
7
112
1
3864
32
66
3
65
78
1
30
48
4
2
34
39
107
1
137
45
25
2
66
136
107
2
2
30
94
49
53
36
35
168
4
14
6
2
3
37
12
2
71
1
15
1
3
7
266
965
1
2
1
2
1
28
2
1
9
70
21
9
1
26
6
23
10
13
79
1
42
928
2
2
271
1081
1
62
1
54
2
2
37
9
22
116
4
2
67
2
604
1
1
130
1
16
57
5
1
1
509
2
33
4
1
3
28
44
1
1
1
15
6
1
21
1
4
23
110
4
2
143
3
20
299
34
1
1
76
28
5
266
47
10
25
1
8
2
26
1
9
10
1058
3
1
4
9
215
16
89
18
137
2
59
60
19
3
7
36
54
6
2
286
1
19
67
147
1
2
33
3
1
644
3
2
2
4
304
1
84
2
4
1
1
90
120
1
5
1
2
38
73
1
4
2
1
38
108
33
1
131
2
1
36
3
60
111
55
1
2
90
548
1
46
130
2
70
1
22
1
18
1
2
399
12
2
1
47
154
1
1
4
1
9
72
2
3
130
156
1
30
46
23
92
1
1
2
5
47
1
968
1
3
1
60
5
1
378
18
335
70
36
1
2
10
23
8
28
93
2
6
430
1
41
78
38
59
2
107
12
33
314
234
3
2
29
66
399
2
69
47
42
1
1
1
3
101
44
1
1
116
191
7
1
10
38
14
6
1
55
78
2
27
429
206
10
2
49
2
75
2
34
2
1
27
42
1
143
10
2
1
1
4
146
1
5
11
2
2
1
23
156
106
35
4
2
3
3
393
21
31
2
1
3
358
11
38
35
14
4
2
4
24
65
9
3
1
2
1
101
22
15
4
2
42
53
11
330
49
9
2
188
6
168
5
53
34
1
3
1
4
2
64
1
10
1
334
139
3
4
1
2
2286
47
1
10
2
422
3
24
1
2
3
1
80
1
9
42
34
2
3
1
4277
1
13
3
38
2
223
3
44
182
15
36
1
1
1
77
1838
36
33
31
5
3
4
54
205
20
35
24
1992
143
1
1
1
82
155
22
1
1
50
2
241
108
289
2
3
1
17
13
70
1
3
5
5
1
2
1
297
4
3
8
117
89
2
2
76
19
911
2
75
29
34
9
1389
4
141
1
194
47
4
5
38
46
2
19
1
48
37
2
4
1
2
110
32
1
101
349
85
31
3
46
23
5
3
1
2
38
2
3
19
45
20
3
468
1
4
11
1
1
140
2
2
1
17
1
2
35
3
50
152
2
2
1
5
8
2
43
18
12
86
1
11
4
17
1
164
1
69
85
52
2
1
455
22
1
314
820
2
2
151
46
3
1
19
567
43
37
71
178
17
2282
26
1
17
82
1
1
5
38
1
6
85
3
2
1
39
1
2
7
2
58
2
1
1
70
1
99
4
41
127
1
3
17
7366
5
53
109
2
108
39
44
1
45
1
1
2
143
13
39
183
36
7
12
42
56
2
1
1
21
1
1
1
104
21
8
51
1
1
2
21
14
2
62
109
2
17
1
42
1
2
7
230
14
4
2
9
80
7
1
2
62
151
7
1545
1
54
1
2
3
72
34
60
1
27
9
14
102
7
14
1607
79
24
664
10
25
72
5
2
40
1
1
3
1
1
12
2
11
37
27
40
43
2
11
19
1
3
1
577
2
2
8
65
1
140
1
1104
278
68
4
34
1
2
8
60
67
279
2
4
12
17
3
8
1
1
238
1
59
42
1
1
1
165
1
4
138
1
11
51
13
1
143
2
1
85
3
1
30
29
163
1
1
1
48
197
4
1
118
17
28
62
1
1
2
6
1
1
1
7
1
33
1
9
85
7
109
5
91
22
9
55
3
2
1
1
95
159
54
4
1
63
1
13
39
40
2
1
77
67
131
1
2
2
34
48
26
203
337
38
18
1
3
60
39
841
2
1
1
1
4
2
12
3
2
185
171
1
83
5
1
15
1
49
86
6
1
1
8
133
16
3
131
1
44
1
3
15
50
1
79
38
7
1
42
2
93
3
119
1
207
4
212
33
233
52
3
1
10
14
3
2
1108
15
53
1
2
130
552
1
52
1
7
1
1
54
3
46
6
28
82
22
1
184
505
144
3
1
1
2
1
34
39
26
80
1
23
14
1050
4
7
129
519
8
1
161
3
11
11
58
1
20
1
21
14
47
118
1
1
44
13
93
1
4
17
1
1
