0.8060781359672546
0.668057382106781
0.8754426836967468
0.06837033480405807
0.33887749910354614
0.8652040958404541
0.5320482850074768
0.22416050732135773
0.41149407625198364
0.22416062653064728
0.6461155414581299
0.18105526268482208
0.15037177503108978
0.4295603930950165
0.6572709083557129
0.40952008962631226
0.7208449244499207
0.9101769328117371
0.28106915950775146
0.18014220893383026
0.1467418372631073
0.40700623393058777
0.5720184445381165
0.8063426613807678
0.22409950196743011
0.17788192629814148
0.8779292702674866
0.15580517053604126
0.4950774312019348
0.7831944227218628
0.7797732353210449
0.1568242311477661
0.5268159508705139
0.35610759258270264
0.5173937678337097
0.4840046465396881
0.5788739919662476
0.5117795467376709
0.6269157528877258
0.38680151104927063
0.12464095652103424
0.18784670531749725
0.1382618248462677
0.7160319685935974
0.22475318610668182
0.8820827007293701
0.6718443036079407
0.07811912894248962
0.22492919862270355
0.49941006302833557
0.38628894090652466
0.12493342906236649
0.3726698160171509
0.18283745646476746
0.8079566955566406
0.6998416185379028
0.36904314160346985
0.6416943669319153
0.6491973996162415
0.15029612183570862
0.8875427842140198
0.14627991616725922
0.30950382351875305
0.37673133611679077
0.3099086582660675
0.67198246717453
0.754258394241333
0.8649950623512268
0.3812206983566284
0.14682836830615997
0.6748987436294556
0.6681239604949951
0.14628125727176666
0.259324848651886
0.3018501102924347
0.19423529505729675
0.38527312874794006
0.7540774345397949
0.9113420844078064
0.3875963091850281
0.8303582668304443
0.5180574059486389
0.22507791221141815
0.22417138516902924
0.8477933406829834
0.7595503330230713
0.38882291316986084
0.7597988843917847
0.8081716299057007
0.5703403353691101
0.30619198083877563
0.3066159188747406
0.6927305459976196
0.8404079079627991
0.8427335619926453
0.6718443036079407
0.36942508816719055
0.5499197840690613
0.8570303916931152
0.7179363369941711
0.7596656680107117
0.8428107500076294
0.8465309143066406
0.8584885001182556
0.8105574250221252
0.35132524371147156
0.7238268852233887
0.17721369862556458
0.7270687222480774
0.3238987922668457
0.7586897015571594
0.896611750125885
0.4938656687736511
0.8431821465492249
0.5378174185752869
0.4148847460746765
0.3022993206977844
0.6481804251670837
0.6718443036079407
0.36551523208618164
0.1715780794620514
0.5138481259346008
0.19457675516605377
0.7566747069358826
0.22467969357967377
0.5413788557052612
0.6645599007606506
0.2988143265247345
0.34203624725341797
0.7304661273956299
0.8161219358444214
0.8463522791862488
0.5293185710906982
0.3749180734157562
0.48821213841438293
0.4048750102519989
0.154784694314003
0.22512684762477875
0.8096073269844055
0.148491770029068
0.8832050561904907
0.27708977460861206
0.22416061162948608
0.5034934282302856
0.6718443036079407
0.8873496055603027
0.13265608251094818
0.5473817586898804
0.22438707947731018
0.15572716295719147
0.846092164516449
0.15508873760700226
0.3066158890724182
0.8100943565368652
0.7590476274490356
0.3650703728199005
0.7821352481842041
0.8089151382446289
0.6961719393730164
0.8333533406257629
0.8615990877151489
0.5957973599433899
0.6447803378105164
0.5503765940666199
0.9006777405738831
0.17820405960083008
0.1776365488767624
0.843016505241394
0.8629076480865479
0.3062171936035156
0.2324482500553131
0.842819094657898
0.613383948802948
0.3063776195049286
0.6059026718139648
0.2639555335044861
0.6572513580322266
0.15298713743686676
0.748107373714447
0.6381283402442932
0.8434662818908691
0.4822309911251068
0.30619198083877563
0.8832178115844727
0.844931423664093
0.8653423190116882
0.18593226373195648
0.49122726917266846
0.7802738547325134
0.7745956182479858
0.7588029503822327
0.7884177565574646
0.7586502432823181
0.8836311101913452
0.4224270284175873
0.5964863300323486
0.2883184254169464
0.8825282454490662
0.45087358355522156
0.22424621880054474
0.7131386399269104
0.8101856112480164
0.4926781952381134
0.17793524265289307
0.49840161204338074
0.6289664506912231
0.17349913716316223
0.6458314657211304
0.49474185705184937
0.7247954607009888
0.20477524399757385
0.25719138979911804
0.6322322487831116
0.16447590291500092
0.1287546306848526
0.14776036143302917
0.4387708902359009
0.8587880730628967
0.7516086101531982
0.18833477795124054
0.7922035455703735
0.11600188910961151
0.3909142017364502
0.6068746447563171
0.8102109432220459
0.16999384760856628
0.7585804462432861
0.3205168843269348
0.22448788583278656
0.3784016966819763
0.8090974688529968
0.8670142292976379
0.37270382046699524
0.695527195930481
0.8430946469306946
0.6321735382080078
0.6563443541526794
0.6652125716209412
0.6402866840362549
0.43948251008987427
0.19820155203342438
0.1321285516023636
0.8430666923522949
0.49402710795402527
0.7103378176689148
0.7517390847206116
0.4264723062515259
0.6465929746627808
0.5704529285430908
0.9199815392494202
0.2241605669260025
0.0683702602982521
0.8395184874534607
0.3250386714935303
0.7797364592552185
0.2434203028678894
0.5032277703285217
0.4955918788909912
0.7168125510215759
0.29869556427001953
0.17806144058704376
0.15023352205753326
0.2224164456129074
0.15742500126361847
0.5019487738609314
0.08794134855270386
0.22573158144950867
0.22417138516902924
0.2040543556213379
0.906129002571106
0.5824666619300842
0.5756056308746338
0.2896181046962738
0.32078051567077637
0.57621830701828
0.6670664548873901
0.35825225710868835
0.09785322844982147
0.8573066592216492
0.22639769315719604
0.3407551050186157
0.16167470812797546
0.7587859034538269
0.30619198083877563
0.1320139765739441
0.7949960231781006
0.8401156663894653
0.6405804753303528
0.5737833976745605
0.8314663767814636
0.7296340465545654
0.8701439499855042
0.37060320377349854
0.12490639835596085
0.7419766783714294
0.1626650094985962
0.8425354361534119
0.6870704889297485
0.6898959875106812
0.4912929832935333
0.440488338470459
0.3360710144042969
0.368646502494812
0.4588756859302521
0.16294130682945251
0.22416062653064728
0.8095318078994751
0.1753830909729004
0.7459685802459717
0.45399734377861023
0.17774169147014618
0.5600981116294861
0.7691227197647095
0.7585309147834778
0.47429364919662476
0.7327465415000916
0.3894195258617401
0.6768330335617065
0.30619198083877563
0.6139956712722778
0.41600504517555237
0.8053056597709656
0.3066158890724182
0.7750107049942017
0.32997462153434753
0.8475973606109619
0.1691722720861435
0.17804419994354248
0.7045241594314575
0.15623190999031067
0.42153096199035645
0.171550914645195
0.32459765672683716
0.8562998175621033
0.3000117540359497
0.8099158406257629
0.49999693036079407
0.8516133427619934
0.5681677460670471
0.21979156136512756
0.7299396395683289
0.8120003342628479
0.48647555708885193
0.3057473599910736
0.30332088470458984
0.5191466808319092
0.22512085735797882
0.12943728268146515
0.3130272626876831
0.12496206909418106
0.42770642042160034
0.557548999786377
0.6046371459960938
0.17824982106685638
0.2546154856681824
0.4918385446071625
0.6699755191802979
0.7181476950645447
0.38619264960289
0.2562883496284485
0.8322724103927612
0.7476881742477417
0.10834065079689026
0.8430915474891663
0.06309708952903748
0.42252445220947266
0.22417138516902924
0.527977705001831
0.6165496110916138
0.7007289528846741
0.22417138516902924
0.4241594076156616
0.8057117462158203
0.7252252101898193
0.2721688747406006
0.306217223405838
0.7545766234397888
0.1412861943244934
0.36786386370658875
0.5684665441513062
0.10015203803777695
0.46761757135391235
0.7497562766075134
0.8913683891296387
0.6481758952140808
0.14682483673095703
0.22651182115077972
0.12481378018856049
0.33933818340301514
0.4683423936367035
0.8833482265472412
0.6011331081390381
0.7989575862884521
0.12586507201194763
0.643092155456543
0.21941986680030823
0.7368634343147278
0.48059776425361633
0.1066562607884407
0.45668384432792664
0.5396614670753479
0.7156859040260315
0.12471938878297806
0.8090724349021912
0.22416064143180847
0.7745104432106018
0.49204352498054504
0.5477339029312134
0.17944742739200592
0.8281635046005249
0.5573686957359314
0.4888624846935272
0.10294028371572495
0.19473053514957428
0.08216318488121033
0.19453023374080658
0.15518520772457123
0.32299163937568665
0.34907233715057373
0.8094924092292786
0.23085834085941315
0.6909047365188599
0.14154528081417084
0.10899865627288818
0.21028251945972443
0.5955178141593933
0.12906906008720398
0.7100037932395935
0.7597801685333252
0.6647710800170898
0.7514902353286743
0.20620512962341309
0.2352808564901352
0.7923821806907654
0.16185221076011658
0.10903845727443695
0.4054535925388336
0.5998117327690125
0.7596657276153564
0.2241715043783188
0.22469067573547363
0.8637755513191223
0.4724070429801941
0.2584684491157532
0.09842581301927567
0.9017841219902039
0.07420935481786728
0.41963258385658264
0.14332261681556702
0.7225971221923828
0.1768980771303177
0.22416061162948608
0.45154765248298645
0.4945261776447296
0.7299885749816895
0.17764078080654144
0.22486962378025055
0.7598575353622437
0.6149144768714905
0.5813129544258118
0.8808286786079407
0.7916880249977112
0.38649454712867737
0.33914971351623535
0.5013415813446045
0.36827170848846436
0.5705010890960693
0.3340926468372345
0.824413001537323
0.7890397310256958
0.8037652373313904
0.7597801685333252
0.5759887099266052
0.12980003654956818
0.6748453378677368
0.638146698474884
0.492775022983551
0.4317187964916229
0.7331418991088867
0.5661008954048157
0.5708537697792053
0.6972041130065918
0.12506507337093353
0.3431696891784668
0.672104001045227
0.3731664717197418
0.6054296493530273
0.2968527674674988
0.14617672562599182
0.40641501545906067
0.47498276829719543
0.8392102718353271
0.7595892548561096
0.22417138516902924
0.45005571842193604
0.5811758637428284
0.7598575353622437
0.8091498017311096
0.35970571637153625
0.1782231330871582
0.8423836827278137
0.09306838363409042
0.4939059913158417
0.524318277835846
0.7089276909828186
0.8100462555885315
0.1787731647491455
0.1931559145450592
0.5995715856552124
0.7597233653068542
0.5994815230369568
0.8136136531829834
0.17197369039058685
0.33981335163116455
0.1321595460176468
0.6151672601699829
0.8096822500228882
0.8293807506561279
0.6198946833610535
0.8486237525939941
0.7847129702568054
0.6718443036079407
0.4639987349510193
0.7165881991386414
0.24949967861175537
0.14900407195091248
0.7673985958099365
0.8414946794509888
0.253402441740036
0.6365763545036316
0.3085789680480957
0.7551840543746948
0.5849878191947937
0.5254383087158203
0.2226436734199524
0.14647258818149567
0.21889278292655945
0.23737050592899323
0.1405196189880371
0.34165289998054504
0.0723760798573494
0.5941810607910156
0.18331588804721832
0.5826308131217957
0.17720040678977966
0.86307293176651
0.47912588715553284
0.5712740421295166
0.9116544127464294
0.2243761569261551
0.607297420501709
0.10892386734485626
0.3139854371547699
0.3674508035182953
0.808832585811615
0.8738292455673218
0.22417138516902924
0.15326863527297974
0.5326790809631348
0.7688437104225159
0.542300820350647
0.7054631114006042
0.6323450803756714
0.22417151927947998
0.9103658199310303
0.8663193583488464
0.17393697798252106
0.18008990585803986
0.18445341289043427
0.5562737584114075
0.505739152431488
0.36865413188934326
0.8426735401153564
0.5449134707450867
0.5854785442352295
0.8785931468009949
0.656040608882904
0.603229820728302
0.21449975669384003
0.17875543236732483
0.759088933467865
0.7444892525672913
0.2241714894771576
0.6374271512031555
0.22424069046974182
0.6916674375534058
0.14661899209022522
0.2583788335323334
0.39867472648620605
0.5501382946968079
0.2500033974647522
0.3648683726787567
0.4205698072910309
0.6927284598350525
0.5813668370246887
0.18762259185314178
0.8432697653770447
0.8503519892692566
0.14045600593090057
0.6223418712615967
0.09858289361000061
0.6960381865501404
0.8427273631095886
0.6057093143463135
0.27359539270401
0.12773704528808594
0.3219262957572937
0.48741820454597473
0.6199254393577576
0.17408058047294617
0.8746878504753113
0.1462838500738144
0.8103151917457581
0.40542054176330566
0.18197746574878693
0.7160482406616211
0.17740091681480408
0.6359569430351257
0.20689629018306732
0.7597988843917847
0.22438707947731018
0.795413613319397
0.47849932312965393
0.22416050732135773
0.41492003202438354
0.8296588659286499
0.22424069046974182
0.22314217686653137
0.14786989986896515
0.5014357566833496
0.8429772257804871
0.2241605669260025
0.8428179025650024
0.4478996992111206
0.5899243950843811
0.09234365075826645
0.22424070537090302
0.26619094610214233
0.1822444051504135
0.5061003565788269
0.4512430727481842
0.7628902196884155
0.5495729446411133
0.5396755933761597
0.7597988843917847
0.6074002981185913
0.6061630845069885
0.7713714241981506
0.323207825422287
0.6728957295417786
0.2720642685890198
0.8632981181144714
0.0760587528347969
0.8007234334945679
0.2920331358909607
0.6690937876701355
0.5704314708709717
0.8157375454902649
0.6810956597328186
0.3208978474140167
0.2671104967594147
0.7848148345947266
0.7593558430671692
0.6905361413955688
0.8629669547080994
0.15922439098358154
0.48812776803970337
0.10850023478269577
0.30908283591270447
0.4106766879558563
0.7755855917930603
0.17002256214618683
0.3874318599700928
0.1481177806854248
0.5361636877059937
0.168218731880188
0.30070018768310547
0.7887604236602783
0.17019401490688324
0.8501749634742737
0.4216681122779846
0.3921545743942261
0.823117733001709
0.7319028377532959
0.14865192770957947
0.8616300225257874
0.34797167778015137
0.12477234750986099
0.6228008270263672
0.1477867215871811
0.7595892548561096
0.8401564359664917
0.326662540435791
0.5923710465431213
0.432625949382782
0.5545312166213989
0.8819169998168945
0.22424070537090302
0.7926281690597534
0.1780252754688263
0.07835066318511963
0.5709416270256042
0.8139653205871582
0.0982472375035286
0.4902491867542267
0.16145794093608856
0.8574588298797607
0.7954357266426086
0.546322226524353
0.7510321736335754
0.39916807413101196
0.6830490827560425
0.31078287959098816
0.5480766892433167
0.3240717351436615
0.7305709719657898
0.49821701645851135
0.18927991390228271
0.8036302328109741
0.8854610919952393
0.2087613195180893
0.306192010641098
0.10835333168506622
0.29303550720214844
0.6631841063499451
0.7594571709632874
0.28779181838035583
0.23266293108463287
0.17768244445323944
0.7398042678833008
0.11061639338731766
0.788044810295105
0.8096137046813965
0.2774164080619812
0.23655757308006287
0.3444887101650238
0.7865740060806274
0.8102495670318604
0.0760955661535263
0.49303126335144043
0.8366554379463196
0.2247997224330902
0.3821025490760803
0.6686237454414368
0.12076340615749359
0.8431354761123657
0.8161653280258179
0.7593622803688049
0.4203658103942871
0.3704567849636078
0.6429427862167358
0.6718443036079407
0.7594766616821289
0.1711331009864807
0.15541993081569672
0.1635996401309967
0.32828187942504883
0.6138446927070618
0.3861425220966339
0.27433791756629944
0.67198246717453
0.22598043084144592
0.5443939566612244
0.15090766549110413
0.738476574420929
0.18124833703041077
0.5451929569244385
0.499039888381958
0.30619198083877563
0.19114014506340027
0.4204113185405731
0.1249663382768631
0.2767709493637085
0.7169489860534668
0.7317903637886047
0.11246536672115326
0.14659292995929718
0.1670445054769516
0.8433946371078491
0.8661900758743286
0.23102013766765594
0.1894930899143219
0.22864104807376862
0.22416050732135773
0.08242826908826828
0.7267704010009766
0.8922000527381897
0.13260425627231598
0.782619833946228
0.17263850569725037
0.6440190672874451
0.15803223848342896
0.598946750164032
0.7881934642791748
0.22984997928142548
0.8812580108642578
0.5062987804412842
0.8642464280128479
0.6721039414405823
0.7594125270843506
0.8093392848968506
0.2907586693763733
0.6716663241386414
0.4865531325340271
0.19021885097026825
0.8225067853927612
0.5159175395965576
0.4422813355922699
0.17902325093746185
0.2248033881187439
0.26342734694480896
0.5654807686805725
0.3065948486328125
0.6410753130912781
0.7158783674240112
0.8420476317405701
0.8183913826942444
0.4786432981491089
0.8097438216209412
0.29868072271347046
0.1699451506137848
0.518477737903595
0.42965736985206604
0.45585817098617554
0.13721488416194916
0.5281122922897339
0.25632399320602417
0.26193884015083313
0.7597988843917847
0.8943424820899963
0.11527044326066971
0.14729249477386475
0.5917282104492188
0.31617385149002075
0.8063505291938782
0.6592124104499817
0.58745276927948
0.4733024537563324
0.08630803972482681
0.8983363509178162
0.8944931030273438
0.8955209851264954
0.1674460917711258
0.25351276993751526
0.4956585466861725
0.5836924910545349
0.840525209903717
0.08906861394643784
0.207004114985466
0.7864602208137512
0.22472220659255981
0.8878204226493835
0.3139714002609253
0.566210925579071
0.3289947509765625
0.40724167227745056
0.37314096093177795
0.7656016945838928
0.38710659742355347
0.1353084146976471
0.7497751712799072
0.49630674719810486
0.5227236747741699
0.8259127736091614
0.20148108899593353
0.624605119228363
0.18137192726135254
0.14639240503311157
0.2189033180475235
0.5032849311828613
0.38752761483192444
0.5853124260902405
0.22851726412773132
0.14668524265289307
0.5282227396965027
0.4624185264110565
0.22417151927947998
0.8318012356758118
0.8094359040260315
0.6012340188026428
0.14764991402626038
0.16530802845954895
0.6736425161361694
0.8932353258132935
0.7594913244247437
0.17720648646354675
0.5011044144630432
0.8424081802368164
0.7594125866889954
0.306217223405838
0.38823360204696655
0.6735865473747253
0.6648057103157043
0.6307448148727417
0.400897741317749
0.4693398177623749
0.7297425270080566
0.1845964938402176
0.810600996017456
0.22942447662353516
0.15021803975105286
0.8320102095603943
0.8089820146560669
0.23764054477214813
0.22354190051555634
0.4962255656719208
0.22271260619163513
0.7281970381736755
0.13570226728916168
0.8101014494895935
0.12991763651371002
0.2901974320411682
0.4510524272918701
0.6204607486724854
0.8967511057853699
0.6542287468910217
0.2966579496860504
0.9284681677818298
0.4865371882915497
0.7691285610198975
0.8633795976638794
0.5686630010604858
0.5561132431030273
0.5401089191436768
0.23702992498874664
0.570738673210144
0.3400304317474365
0.30619198083877563
0.18274323642253876
0.7434643507003784
0.48644283413887024
0.708064079284668
0.3757086396217346
0.17348232865333557
0.14788199961185455
0.5839862823486328
0.7935224771499634
0.3036108613014221
0.6139481663703918
0.546723484992981
0.14347124099731445
0.11465867608785629
0.9669905304908752
0.6056399345397949
0.8388674855232239
0.22424621880054474
0.22500433027744293
0.2790493965148926
0.7589147090911865
0.6556810736656189
0.6502402424812317
0.2129000872373581
0.37251558899879456
0.29239794611930847
0.6116207838058472
0.5284938216209412
0.33155199885368347
0.8497012853622437
0.700944721698761
0.3707773685455322
0.48610880970954895
0.7592429518699646
0.8631985783576965
0.31856071949005127
0.7168459296226501
0.33379608392715454
0.12643268704414368
0.3505561947822571
0.20341651141643524
0.22494268417358398
0.7598575353622437
0.19323232769966125
0.8410018682479858
0.49408337473869324
0.9069621562957764
0.7459660172462463
0.42167040705680847
0.843058705329895
0.10292068123817444
0.6345756649971008
0.2561129927635193
0.7379130125045776
0.8942386507987976
0.6364390850067139
0.372769832611084
0.7540780901908875
0.49507808685302734
0.8922954201698303
0.5259774923324585
0.7501223087310791
0.8143365979194641
0.25686800479888916
0.7169674038887024
0.6085976362228394
0.02543586678802967
0.6739384531974792
0.8224496245384216
0.605365514755249
0.810121476650238
0.35991325974464417
0.49956080317497253
0.49113231897354126
0.18767355382442474
0.7587190270423889
0.8407495617866516
0.6944724321365356
0.34432855248451233
0.35543718934059143
0.8836649060249329
0.40127816796302795
0.9211981892585754
0.8097926378250122
0.6407983899116516
0.544321596622467
0.8584262728691101
0.4810749292373657
0.3860209882259369
0.22417138516902924
0.4386003017425537
0.38942262530326843
0.7412480115890503
0.7532190084457397
0.2421082854270935
0.8068250417709351
0.13018979132175446
0.8533245325088501
0.8138821721076965
0.17827972769737244
0.5078975558280945
0.5259186029434204
0.4206705093383789
0.6269760131835938
0.3590542674064636
0.698513925075531
0.4918381869792938
0.8021349906921387
0.8406715989112854
0.8494904637336731
0.910102128982544
0.8100031018257141
0.1774524301290512
0.7809322476387024
0.8754628300666809
0.5429515242576599
0.7252180576324463
0.17114371061325073
0.2653267979621887
0.8900960683822632
0.8081585168838501
0.758362352848053
0.4037386178970337
0.8652744293212891
0.3062171936035156
0.7696114778518677
0.35732996463775635
0.13812503218650818
0.17793478071689606
0.8435588479042053
0.7497990727424622
0.14655929803848267
0.12431401759386063
0.6774587035179138
0.7590768933296204
0.5843241214752197
0.3880808651447296
0.13634909689426422
0.5110622048377991
0.8409692645072937
0.6842296123504639
0.5107657313346863
0.7203307151794434
0.1776002049446106
0.6015811562538147
0.8236401081085205
0.8099415302276611
0.7434526681900024
0.15059833228588104
0.6032569408416748
0.6716663241386414
0.5505918264389038
0.8183121681213379
0.14818641543388367
0.3050273358821869
0.17953111231327057
0.28663402795791626
0.6677306890487671
0.5935094356536865
0.7674224972724915
0.7595892548561096
0.521506667137146
0.20531398057937622
0.6719821691513062
0.625460147857666
0.1999375820159912
0.31687983870506287
0.1673625111579895
0.22416062653064728
0.5864905118942261
0.4858238399028778
0.12512743473052979
0.8410662412643433
0.1467500627040863
0.21290475130081177
0.8036772012710571
0.30621713399887085
0.898315966129303
0.6718443036079407
0.8103567361831665
0.8103513121604919
0.8810051679611206
0.16282431781291962
0.6386674046516418
0.22417138516902924
0.8389240503311157
0.30621716380119324
0.8047018051147461
0.7124499678611755
0.2472252994775772
0.10906991362571716
0.19576704502105713
0.2260686159133911
0.43449610471725464
0.8765658140182495
0.23218406736850739
0.2310846894979477
0.8446977138519287
0.4218973219394684
0.8424021601676941
0.717193067073822
0.8419301509857178
0.5873697996139526
0.5754758715629578
0.41037851572036743
0.792443037033081
0.8612752556800842
0.8579307198524475
0.1633373498916626
0.5094543099403381
0.8064566850662231
0.30338287353515625
0.7641835808753967
0.403657466173172
0.596607506275177
0.8073280453681946
0.8099909424781799
0.3935682773590088
0.9064186215400696
0.7529805302619934
0.2819434106349945
0.886353075504303
0.7588586807250977
0.6427178978919983
0.8098742961883545
0.8100185990333557
0.4584231376647949
0.8820347785949707
0.1500461995601654
0.8850024938583374
0.2632947266101837
0.8023357391357422
0.599262535572052
0.6668977737426758
0.22508607804775238
0.2000938355922699
0.3061920404434204
0.8950260877609253
0.8094810247421265
0.3826538324356079
0.8833934664726257
0.40569832921028137
0.642523467540741
0.7882695198059082
0.6957593560218811
0.17857840657234192
0.8104860186576843
0.8096745610237122
0.17777301371097565
0.48806625604629517
0.15885098278522491
0.13856101036071777
0.8100942969322205
0.5669463276863098
0.5744407773017883
0.6355326175689697
0.37507617473602295
0.4840897023677826
0.7809553146362305
0.2472095787525177
0.7033585906028748
0.7987829446792603
0.24663634598255157
0.8291063904762268
0.8554919362068176
0.8840405344963074
0.8680181503295898
0.8432869911193848
0.22491230070590973
0.6617863178253174
0.8834635019302368
0.7293200492858887
0.8072619438171387
0.8080558776855469
0.733241856098175
0.41146719455718994
0.6327136158943176
0.6077572703361511
0.6330364346504211
0.7588731646537781
0.18076317012310028
0.1775207668542862
0.22424070537090302
0.35602006316185
0.11190583556890488
0.8764104247093201
0.2776990830898285
0.22469067573547363
0.89971923828125
0.8191060423851013
0.866468071937561
0.38700708746910095
0.23120424151420593
0.6252297163009644
0.32073965668678284
0.49652406573295593
0.1771867573261261
0.44591692090034485
0.2020586133003235
0.8271858096122742
0.5449148416519165
0.7225347757339478
0.1848318874835968
0.7946825623512268
0.5751091837882996
0.2306637316942215
0.1683633029460907
0.5686717629432678
0.30501097440719604
0.46493619680404663
0.6716663241386414
0.5401742458343506
0.6981610655784607
0.17812056839466095
0.747529923915863
0.6894407272338867
0.8035786747932434
0.6645880937576294
0.8394590020179749
0.22469067573547363
0.20567815005779266
0.48269882798194885
0.8524143099784851
0.8821099996566772
0.6363128423690796
0.6716663241386414
0.7612213492393494
0.8650028109550476
0.15276683866977692
0.4902418255805969
0.84283047914505
0.791549563407898
0.3889824450016022
0.19099798798561096
0.7598575353622437
0.6685658693313599
0.7174518704414368
0.30621713399887085
0.6405598521232605
0.2241715043783188
0.5811732411384583
0.49774235486984253
0.22424070537090302
0.6947908997535706
0.6175021529197693
0.3243788182735443
0.6091646552085876
0.07861696183681488
0.6643610000610352
0.6463253498077393
0.7597988843917847
0.3040596544742584
0.7777466177940369
0.7581368684768677
0.6550005078315735
0.8098106384277344
0.6761572957038879
0.7192977070808411
0.7917724847793579
0.36626967787742615
0.7575300931930542
0.3157552182674408
0.8615555763244629
0.6956906318664551
0.6164065003395081
0.8806403279304504
0.2181013524532318
0.48431408405303955
0.32565838098526
0.1713845580816269
0.8908908367156982
0.5198968648910522
0.6721039414405823
0.41365846991539
0.8100351691246033
0.8695314526557922
0.3136044144630432
0.3029375672340393
0.4149605929851532
0.5304321646690369
0.8988329172134399
0.05264227092266083
0.1654803305864334
0.31152787804603577
0.5417144894599915
0.7820199131965637
0.7503601312637329
0.43076467514038086
0.7849676609039307
0.7587466835975647
0.22473323345184326
0.14914880692958832
0.675064742565155
0.861729621887207
0.5737044811248779
0.5784827470779419
0.14772428572177887
0.646842896938324
0.4141538143157959
0.17752060294151306
0.10700719058513641
0.5739166140556335
0.3065948486328125
0.10063178837299347
0.8119969964027405
0.47804024815559387
0.38106587529182434
0.6006305813789368
0.49303099513053894
0.29170334339141846
0.2667904198169708
0.8572714924812317
0.6718443036079407
0.7941914796829224
0.14094489812850952
0.7163687944412231
0.2787047028541565
0.6351680755615234
0.22424069046974182
0.756308913230896
0.17227928340435028
0.10288900882005692
0.17768187820911407
0.8611652255058289
0.902111291885376
0.8318502306938171
0.2667906582355499
0.8752562403678894
0.5675976872444153
0.6557376980781555
0.4198499023914337
0.2283628135919571
0.15628208220005035
0.3312143087387085
0.49726879596710205
0.8677665591239929
0.1770963966846466
0.8425546884536743
0.8753504753112793
0.5039949417114258
0.662433922290802
0.7592764496803284
0.8833836913108826
0.14705725014209747
0.807100236415863
0.5274093747138977
0.7948099970817566
0.7598575353622437
0.07263793051242828
0.7597610354423523
0.4042191207408905
0.8087660074234009
0.7338153123855591
0.7253297567367554
0.22416050732135773
0.17907221615314484
0.8142825961112976
0.8104907274246216
0.3209945261478424
0.8934725522994995
0.8781786561012268
0.8351407647132874
0.7597988843917847
0.8232384324073792
0.881671130657196
0.22417138516902924
0.8430988788604736
0.2568660080432892
0.6718443036079407
0.3039020001888275
0.7244885563850403
0.8270015716552734
0.3352956771850586
0.348124623298645
0.7952856421470642
0.8444771766662598
0.8656771779060364
0.14660407602787018
0.5187087059020996
0.32203298807144165
0.29610559344291687
0.39952945709228516
0.7822472453117371
0.8435060381889343
0.3942111134529114
0.17767421901226044
0.541581392288208
0.7596657276153564
0.7260513305664062
0.6721039414405823
0.6718443036079407
0.5141899585723877
0.659651517868042
0.1812514215707779
0.8653959035873413
0.5012270212173462
0.1484391987323761
0.8257646560668945
0.2790602147579193
0.5153485536575317
0.7771309614181519
0.8098892569541931
0.13373026251792908
0.7154325246810913
0.655584990978241
0.32317590713500977
0.16991370916366577
0.8424780368804932
0.8664708137512207
0.44181784987449646
0.3088642358779907
0.6991040110588074
0.7691249251365662
0.12677337229251862
0.8831129670143127
0.7483304142951965
0.40544694662094116
0.86602783203125
0.12287317961454391
0.12326094508171082
0.10450061410665512
0.5955826640129089
0.12046103179454803
