0.19392180442810059
0.331942617893219
0.12455730140209198
0.9316296577453613
0.6611225008964539
0.1347959190607071
0.4679517149925232
0.7758394479751587
0.5885059237480164
0.7758393883705139
0.3538844585418701
0.8189447522163391
0.8496281504631042
0.5704396367073059
0.34272903203964233
0.5904799103736877
0.27915501594543457
0.08982308954000473
0.7189308404922485
0.8198577761650085
0.8532581329345703
0.5929937958717346
0.42798155546188354
0.19365738332271576
0.7759004831314087
0.8221181035041809
0.12207068502902985
0.8441948294639587
0.5049225687980652
0.21680553257465363
0.22022676467895508
0.8431757688522339
0.4731840193271637
0.6438924074172974
0.4826062321662903
0.5159953832626343
0.42112603783607483
0.4882204830646515
0.37308427691459656
0.6131985187530518
0.8753589987754822
0.8121533393859863
0.8617381453514099
0.2839680314064026
0.775246798992157
0.11791732162237167
0.32815566658973694
0.9218809008598328
0.7750707864761353
0.5005899667739868
0.6137110590934753
0.8750665783882141
0.6273301243782043
0.8171625733375549
0.192043274641037
0.30015838146209717
0.6309568881988525
0.3583056628704071
0.35080260038375854
0.8497039079666138
0.11245723068714142
0.8537201285362244
0.6904962062835693
0.6232686042785645
0.6900913119316101
0.3280175030231476
0.2457415759563446
0.1350049525499344
0.6187793612480164
0.8531716465950012
0.32510125637054443
0.33187609910964966
0.8537187576293945
0.740675151348114
0.6981498599052429
0.8057646751403809
0.6147269010543823
0.24592256546020508
0.08865794539451599
0.6124036908149719
0.16964170336723328
0.48194262385368347
0.7749221324920654
0.7758286595344543
0.152206689119339
0.2404496967792511
0.6111770272254944
0.24020113050937653
0.19182835519313812
0.4296596944332123
0.6938080191612244
0.6933841109275818
0.307269424200058
0.15959210693836212
0.15726643800735474
0.3281556963920593
0.6305748820304871
0.45008018612861633
0.14296963810920715
0.28206369280815125
0.24033431708812714
0.1571892648935318
0.15346914529800415
0.14151149988174438
0.18944254517555237
0.6486747860908508
0.27617308497428894
0.8227863311767578
0.2729312777519226
0.6761012077331543
0.24131029844284058
0.10338827967643738
0.5061343312263489
0.15681788325309753
0.46218258142471313
0.5851152539253235
0.6977006793022156
0.35181960463523865
0.3281556963920593
0.6344847679138184
0.8284218907356262
0.48615190386772156
0.8054232597351074
0.24332532286643982
0.775320291519165
0.45862114429473877
0.33544009923934937
0.7011856436729431
0.657963752746582
0.26953384280204773
0.1838781237602234
0.15364769101142883
0.47068142890930176
0.6250819563865662
0.5117878913879395
0.5951249599456787
0.8452153205871582
0.7748731374740601
0.19039273262023926
0.8515082597732544
0.11679493635892868
0.7229102253913879
0.7758393883705139
0.49650657176971436
0.32815566658973694
0.11265040934085846
0.8673439025878906
0.45261821150779724
0.7756128907203674
0.8442728519439697
0.15390782058238983
0.8449112772941589
0.693384051322937
0.18990561366081238
0.24095237255096436
0.6349296569824219
0.21786470711231232
0.19108493626117706
0.30382806062698364
0.16664667427539825
0.13840092718601227
0.4042026996612549
0.35521966218948364
0.4496234357357025
0.09932227432727814
0.8217958807945251
0.8223634362220764
0.15698350965976715
0.13709235191345215
0.6937828063964844
0.7675517797470093
0.15718089044094086
0.3866161108016968
0.6936224102973938
0.39409729838371277
0.7360444068908691
0.34274864196777344
0.8470128178596497
0.251892626285553
0.3618716895580292
0.15653367340564728
0.5177690386772156
0.6938080191612244
0.11678219586610794
0.1550685614347458
0.13465768098831177
0.8140677809715271
0.5087727308273315
0.21972617506980896
0.22540441155433655
0.24119706451892853
0.2115822285413742
0.2413496971130371
0.11636889725923538
0.5775729417800903
0.40351366996765137
0.711681604385376
0.11747176200151443
0.549126386642456
0.7757537364959717
0.2868613302707672
0.18981432914733887
0.507321834564209
0.8220646977424622
0.5015984177589417
0.37103354930877686
0.8265008926391602
0.35416853427886963
0.5052582025527954
0.27520450949668884
0.7952247262001038
0.7428086400032043
0.36776769161224365
0.8355241417884827
0.8712453246116638
0.8522396087646484
0.5612291097640991
0.1412118822336197
0.24839138984680176
0.8116652369499207
0.20779645442962646
0.8839980959892273
0.6090857982635498
0.39312535524368286
0.1897890418767929
0.8300061821937561
0.24141952395439148
0.6794831156730652
0.775512158870697
0.6215982437133789
0.19090251624584198
0.13298575580120087
0.6272962093353271
0.30447280406951904
0.1569053679704666
0.3678264021873474
0.34365564584732056
0.33478742837905884
0.3597133457660675
0.5605174899101257
0.8017984628677368
0.8678714632987976
0.1569332778453827
0.5059728622436523
0.2896621823310852
0.24826088547706604
0.5735276937484741
0.3534070551395416
0.4295470714569092
0.08001850545406342
0.7758393883705139
0.9316297769546509
0.1604815274477005
0.6749613285064697
0.22026358544826508
0.7565796971321106
0.49677222967147827
0.5044081211090088
0.28318747878074646
0.7013044357299805
0.8219385147094727
0.8497664332389832
0.7775835394859314
0.842574954032898
0.498051255941391
0.9120585918426514
0.7742684483528137
0.7758286595344543
0.7959456443786621
0.09387098997831345
0.41753339767456055
0.42439430952072144
0.7103819251060486
0.6792195439338684
0.4237816631793976
0.3329335153102875
0.6417477130889893
0.9021467566490173
0.14269332587718964
0.773602306842804
0.6592448949813843
0.8383252620697021
0.2412140816450119
0.6938080191612244
0.8679860234260559
0.2050039917230606
0.15988430380821228
0.35941943526268005
0.42621657252311707
0.16853360831737518
0.2703659236431122
0.12985605001449585
0.6293967366218567
0.8750935792922974
0.2580232620239258
0.8373349905014038
0.1574646383523941
0.31292951107025146
0.3101040720939636
0.5087069869041443
0.559511661529541
0.6639289855957031
0.631353497505188
0.5411242842674255
0.8370586633682251
0.7758393883705139
0.19046813249588013
0.8246169090270996
0.2540314197540283
0.5460026860237122
0.8222582936286926
0.4399018883705139
0.23087726533412933
0.2414691150188446
0.52570641040802
0.26725345849990845
0.6105804443359375
0.32316693663597107
0.6938080191612244
0.38600432872772217
0.5839949250221252
0.1946943700313568
0.693384051322937
0.22498932480812073
0.6700254082679749
0.1524026095867157
0.8308277726173401
0.8219558000564575
0.2954758405685425
0.8437680602073669
0.5784690380096436
0.8284490704536438
0.6754024028778076
0.14370018243789673
0.6999881863594055
0.19008415937423706
0.5000030994415283
0.1483866423368454
0.4318322241306305
0.78020840883255
0.27006039023399353
0.1879996508359909
0.5135244131088257
0.6942526698112488
0.6966790556907654
0.4808533191680908
0.7748790979385376
0.870562732219696
0.6869727969169617
0.8750379681587219
0.5722935795783997
0.44245097041130066
0.39536282420158386
0.8217501640319824
0.7453844547271729
0.5081614255905151
0.33002451062202454
0.2818523049354553
0.6138073205947876
0.7437116503715515
0.1677275151014328
0.2523118257522583
0.8916593194007874
0.15690846741199493
0.9369028806686401
0.5774755477905273
0.7758286595344543
0.47202232480049133
0.3834504187107086
0.29927101731300354
0.7758286595344543
0.5758406519889832
0.19428826868534088
0.2747747600078583
0.7278310656547546
0.6937827467918396
0.24542337656021118
0.8587138056755066
0.6321361660957336
0.43153345584869385
0.8998479247093201
0.5323824286460876
0.2502436935901642
0.10863164812326431
0.3518240749835968
0.8531751036643982
0.7734881639480591
0.8751862645149231
0.6606617569923401
0.5316575765609741
0.11665176600217819
0.39886683225631714
0.20104233920574188
0.8741349577903748
0.35690784454345703
0.7805801630020142
0.2631365656852722
0.519402265548706
0.8933438062667847
0.5433160662651062
0.4603385329246521
0.2843140959739685
0.8752806186676025
0.19092759490013123
0.7758393883705139
0.225489541888237
0.5079565048217773
0.45226606726646423
0.8205525875091553
0.17183643579483032
0.4426313638687134
0.5111374855041504
0.8970596790313721
0.8052694797515869
0.9178367853164673
0.805469810962677
0.8448147773742676
0.6770083904266357
0.650927722454071
0.19050757586956024
0.769141674041748
0.30909523367881775
0.8584547638893127
0.8910013437271118
0.789717435836792
0.4044821262359619
0.8709309697151184
0.2899961769580841
0.2402198165655136
0.33522891998291016
0.24850977957248688
0.7937948703765869
0.7647191286087036
0.20761778950691223
0.838147759437561
0.8909615874290466
0.5945464372634888
0.40018826723098755
0.24033430218696594
0.77582848072052
0.7753093242645264
0.1362243890762329
0.5275929570198059
0.741531491279602
0.9015741944313049
0.09821584075689316
0.9257906675338745
0.580367386341095
0.8566774129867554
0.2774028778076172
0.8231019377708435
0.7758393883705139
0.5484523773193359
0.5054739117622375
0.27001142501831055
0.8223592638969421
0.7751303911209106
0.24014247953891754
0.3850855529308319
0.4186870753765106
0.11917132884263992
0.20831197500228882
0.6135054230690002
0.6608503460884094
0.49865835905075073
0.6317282915115356
0.4294988811016083
0.6659073829650879
0.1755870282649994
0.2109602391719818
0.19623473286628723
0.2402198165655136
0.4240112900733948
0.8701999187469482
0.3251546621322632
0.3618532717227936
0.507224977016449
0.5682811737060547
0.26685819029808044
0.4338991045951843
0.42914626002311707
0.3027958869934082
0.8749349117279053
0.6568303108215332
0.32789602875709534
0.6268335580825806
0.39457038044929504
0.7031472325325012
0.8538232445716858
0.5935850143432617
0.525017261505127
0.16078971326351166
0.24041074514389038
0.7758286595344543
0.5499443411827087
0.41882407665252686
0.24014247953891754
0.19085022807121277
0.6402942538261414
0.8217769265174866
0.1576162874698639
0.9069316387176514
0.5060940384864807
0.47568178176879883
0.2910722494125366
0.1899537593126297
0.8212268352508545
0.8068440556526184
0.4004283845424652
0.24027667939662933
0.4005184769630432
0.1863863468170166
0.828026294708252
0.6601867079734802
0.8678404688835144
0.3848326802253723
0.19031774997711182
0.17061927914619446
0.3801053464412689
0.15137621760368347
0.21528704464435577
0.32815566658973694
0.5360012054443359
0.28341180086135864
0.7505003213882446
0.8509958386421204
0.23260143399238586
0.15850533545017242
0.7465975880622864
0.3634236752986908
0.6914210319519043
0.24481596052646637
0.4150121808052063
0.47456175088882446
0.7773563265800476
0.8535273671150208
0.7811071872711182
0.7626294493675232
0.8594803810119629
0.6583471894264221
0.9276238679885864
0.40581896901130676
0.8166841268539429
0.41736918687820435
0.8227996230125427
0.13692709803581238
0.5208740830421448
0.428725928068161
0.08834557235240936
0.7756238579750061
0.3927026391029358
0.8910760879516602
0.6860145926475525
0.6325491666793823
0.1911674588918686
0.12617070972919464
0.7758286595344543
0.8467313647270203
0.4673209488391876
0.23115628957748413
0.457699179649353
0.29453691840171814
0.3676549196243286
0.77582848072052
0.08963417261838913
0.13368062674999237
0.8260630369186401
0.8199101090431213
0.8155465722084045
0.44372621178627014
0.49426084756851196
0.6313458681106567
0.15732645988464355
0.45508652925491333
0.4145214259624481
0.12140684574842453
0.3439594507217407
0.396770179271698
0.7855002284049988
0.8212445974349976
0.2409110963344574
0.25551077723503113
0.7758285403251648
0.3625728189945221
0.7757592797279358
0.30833256244659424
0.8533810377120972
0.741621196269989
0.601325273513794
0.44986170530319214
0.7499966025352478
0.6351315975189209
0.5794302225112915
0.3072715103626251
0.4186331033706665
0.812377393245697
0.15673023462295532
0.14964799582958221
0.8595439791679382
0.3776581287384033
0.9014171361923218
0.3039618730545044
0.15727266669273376
0.39429065585136414
0.7264046669006348
0.8722629547119141
0.6780737042427063
0.5125818252563477
0.3800745904445648
0.8259193897247314
0.12531214952468872
0.8537161350250244
0.18968477845191956
0.5945794582366943
0.8180225491523743
0.2839517593383789
0.8225991129875183
0.36404305696487427
0.7931036949157715
0.24020113050937653
0.7756128907203674
0.20458635687828064
0.5215006470680237
0.7758395075798035
0.5850800275802612
0.17034108936786652
0.7757592797279358
0.7768577933311462
0.852130115032196
0.4985642731189728
0.15702278912067413
0.7758393883705139
0.15718206763267517
0.5521003007888794
0.41007569432258606
0.9076563715934753
0.7757592797279358
0.7338089942932129
0.8177555799484253
0.4938996434211731
0.5487569570541382
0.23710978031158447
0.4504270851612091
0.4603244364261627
0.24020113050937653
0.3925997018814087
0.3938368856906891
0.22862862050533295
0.6767922043800354
0.32710424065589905
0.7279356718063354
0.13670191168785095
0.9239412546157837
0.19927655160427094
0.7079668641090393
0.3309062123298645
0.4295685291290283
0.1842624694108963
0.3189043402671814
0.6791021227836609
0.7328894734382629
0.21518515050411224
0.24064412713050842
0.30946382880210876
0.13703300058841705
0.8407756686210632
0.5118722319602966
0.8914997577667236
0.6909171938896179
0.5893233418464661
0.2244144082069397
0.8299773931503296
0.6125681400299072
0.8518822193145752
0.4638363718986511
0.8317813277244568
0.6992998123168945
0.21123957633972168
0.8298059701919556
0.14982503652572632
0.5783318281173706
0.6078453660011292
0.17688225209712982
0.2680971324443817
0.8513480424880981
0.13837000727653503
0.6520283222198486
0.875227689743042
0.3771992027759552
0.8522132635116577
0.24041074514389038
0.15984351933002472
0.673337459564209
0.4076288938522339
0.567374050617218
0.4454687237739563
0.11808300018310547
0.7757592797279358
0.2073718160390854
0.8219746947288513
0.9216493368148804
0.42905837297439575
0.186034694314003
0.901752769947052
0.5097507834434509
0.838542103767395
0.14254114031791687
0.20456422865390778
0.45367780327796936
0.24896781146526337
0.600831925868988
0.3169509172439575
0.6892170906066895
0.45192334055900574
0.6759282350540161
0.26942896842956543
0.5017828941345215
0.8107200860977173
0.19636978209018707
0.11453894525766373
0.7912386655807495
0.6938080191612244
0.891646683216095
0.7069644331932068
0.33681586384773254
0.24054284393787384
0.7122082114219666
0.7673370242118835
0.8223176002502441
0.2601957619190216
0.8893836140632629
0.2119552046060562
0.1903863102197647
0.7225835919380188
0.7634424567222595
0.6555112600326538
0.21342597901821136
0.18975046277046204
0.9239044785499573
0.5069687366485596
0.16334456205368042
0.7752002477645874
0.6178975105285645
0.33137625455856323
0.8792365789413452
0.1568644642829895
0.18383465707302094
0.2406376749277115
0.5796341300010681
0.6295431852340698
0.3570571541786194
0.32815566658973694
0.2405233383178711
0.8288668990135193
0.8445800542831421
0.8364003896713257
0.6717181205749512
0.38615521788597107
0.6138574481010437
0.7256620526313782
0.3280175030231476
0.7740195393562317
0.4556061029434204
0.8490923643112183
0.26152345538139343
0.8187516927719116
0.4548071324825287
0.500960111618042
0.6938080191612244
0.8088598847389221
0.5795886516571045
0.8750336170196533
0.7232289910316467
0.2830510139465332
0.2682095766067505
0.8875346183776855
0.853407084941864
0.832955539226532
0.1566053181886673
0.13380995392799377
0.7689799070358276
0.8105068802833557
0.7713589668273926
0.7758394479751587
0.9175717234611511
0.27322959899902344
0.1077999621629715
0.8673957586288452
0.21738022565841675
0.827361524105072
0.35598090291023254
0.8419677019119263
0.40105322003364563
0.2118065506219864
0.7701500654220581
0.11874201893806458
0.4937012791633606
0.13575361669063568
0.3278960883617401
0.24058744311332703
0.19066070020198822
0.7092413306236267
0.32833370566368103
0.5134468674659729
0.8097811341285706
0.17749322950839996
0.4840824007987976
0.5577186942100525
0.820976734161377
0.7751966118812561
0.7365726232528687
0.43451929092407227
0.6934052109718323
0.35892462730407715
0.2841216027736664
0.15795232355594635
0.1816086620092392
0.5213567018508911
0.19025622308254242
0.7013192772865295
0.8300548195838928
0.48152223229408264
0.5703426003456116
0.5441417694091797
0.8627851009368896
0.4718877375125885
0.7436760067939758
0.7380611896514893
0.24020111560821533
0.10565746575593948
0.8847295641899109
0.85270756483078
0.40827175974845886
0.6838261485099792
0.19364947080612183
0.3407876193523407
0.4125472605228424
0.52669757604599
0.9136919975280762
0.10166368633508682
0.10550686717033386
0.10447903722524643
0.8325539231300354
0.7464872002601624
0.5043414235115051
0.41630756855010986
0.15947480499744415
0.910931408405304
0.792995810508728
0.21353976428508759
0.7752777934074402
0.11217956990003586
0.6860285997390747
0.43378907442092896
0.6710052490234375
0.592758297920227
0.6268590092658997
0.23439830541610718
0.6128933429718018
0.8646916151046753
0.2502247989177704
0.503693163394928
0.47727635502815247
0.17408721148967743
0.7985188961029053
0.37539494037628174
0.8186280727386475
0.8536076545715332
0.7810966372489929
0.49671506881713867
0.6124723553657532
0.4146875739097595
0.7714827060699463
0.8533146977424622
0.4717772603034973
0.5375814437866211
0.77582848072052
0.16819877922534943
0.1905640959739685
0.3987659811973572
0.852350115776062
0.8346920013427734
0.3263574540615082
0.10676462948322296
0.24050863087177277
0.8227934837341309
0.4988956153392792
0.1575917899608612
0.24058742821216583
0.6937827467918396
0.6117663979530334
0.32641348242759705
0.33519428968429565
0.3692551553249359
0.5991021990776062
0.5306601524353027
0.27025750279426575
0.8154034614562988
0.18939904868602753
0.7705754637718201
0.8497819900512695
0.1679898202419281
0.19101804494857788
0.7623594999313354
0.7764581441879272
0.5037744045257568
0.7772873640060425
0.27180302143096924
0.8642977476119995
0.1898985654115677
0.8700823187828064
0.709802508354187
0.5489475727081299
0.3795391917228699
0.10324891656637192
0.34577128291130066
0.703342080116272
0.07153180241584778
0.5134628415107727
0.23087148368358612
0.1366204023361206
0.43133702874183655
0.44388675689697266
0.45989108085632324
0.7629701495170593
0.42926132678985596
0.6599695682525635
0.6938080191612244
0.8172567486763
0.2565356492996216
0.5135571956634521
0.29193589091300964
0.6242913603782654
0.826517641544342
0.8521180152893066
0.4160137474536896
0.20647746324539185
0.6963891386985779
0.3860517740249634
0.4532765746116638
0.8565287590026855
0.8853412866592407
0.03300951048731804
0.39436009526252747
0.1611325442790985
0.7757537364959717
0.7749956846237183
0.7209506034851074
0.24108530580997467
0.3443189561367035
0.3497597575187683
0.7870999574661255
0.6274843811988831
0.7076020240783691
0.38837921619415283
0.47150617837905884
0.6684480309486389
0.15029871463775635
0.2990553379058838
0.6292226910591125
0.5138911604881287
0.2407570481300354
0.13680142164230347
0.6814392805099487
0.28315410017967224
0.6662039160728455
0.8735673427581787
0.6494438052177429
0.7965834736824036
0.775057315826416
0.24014247953891754
0.8067676424980164
0.15899816155433655
0.5059165954589844
0.09303776919841766
0.25403404235839844
0.5783295631408691
0.15694132447242737
0.8970792889595032
0.36542433500289917
0.7438870072364807
0.26208698749542236
0.10576138645410538
0.36356088519096375
0.6272302269935608
0.24592190980911255
0.5049219131469727
0.10770459473133087
0.4740225672721863
0.24987764656543732
0.18566344678401947
0.7431319952011108
0.28303262591362
0.39140236377716064
0.9745641350746155
0.32606157660484314
0.17755039036273956
0.3946344554424286
0.18987850844860077
0.6400867104530334
0.5004392266273499
0.5088676810264587
0.8123264908790588
0.24128100275993347
0.1592504233121872
0.30552756786346436
0.6556714773178101
0.644562840461731
0.11633510142564774
0.5987218022346497
0.07880187034606934
0.1902073323726654
0.35920166969299316
0.45567840337753296
0.1415736973285675
0.518925130367279
0.6139790415763855
0.7758286595344543
0.5613996982574463
0.6105773448944092
0.2587519884109497
0.24678097665309906
0.7578917145729065
0.19317494332790375
0.8698102235794067
0.1466754674911499
0.18611784279346466
0.82172030210495
0.4921024739742279
0.4740813970565796
0.5793294310569763
0.37302401661872864
0.6409457325935364
0.301486074924469
0.5081617832183838
0.19786499440670013
0.159328430891037
0.1505095511674881
0.08989789336919785
0.1899968832731247
0.8225475549697876
0.21906770765781403
0.12453716993331909
0.4570484161376953
0.2747819125652313
0.8288562893867493
0.7346732020378113
0.10990389436483383
0.1918414980173111
0.24163760244846344
0.5962614417076111
0.13472555577754974
0.6937828063964844
0.23038852214813232
0.6426700353622437
0.8618749380111694
0.8220652341842651
0.15644118189811707
0.25020086765289307
0.8534406423568726
0.8756860494613647
0.3225412368774414
0.24092310667037964
0.4156758785247803
0.6119192242622375
0.863650918006897
0.4889378249645233
0.1590307205915451
0.31577035784721375
0.4892343282699585
0.27966931462287903
0.8223997950553894
0.3984188139438629
0.1763598918914795
0.19005851447582245
0.25654733180999756
0.8494017124176025
0.3967430889606476
0.32833370566368103
0.4494081139564514
0.18168778717517853
0.851813554763794
0.6949726939201355
0.8204689025878906
0.713365912437439
0.3322692811489105
0.40649059414863586
0.23257751762866974
0.24041074514389038
0.4784933030605316
0.7946860194206238
0.32801786065101624
0.37453991174697876
0.8000624179840088
0.6831201910972595
0.8326374292373657
0.7758393883705139
0.4135095179080963
0.5141761898994446
0.8748725652694702
0.15893378853797913
0.8532499074935913
0.7870952486991882
0.19632285833358765
0.6937828063964844
0.1016840785741806
0.32815566658973694
0.1896432787179947
0.18964870274066925
0.11899485439062119
0.8371756672859192
0.36133256554603577
0.7758286595344543
0.16107597947120667
0.6937828660011292
0.1952981799840927
0.2875500023365021
0.752774715423584
0.8909300565719604
0.8042330145835876
0.7739313840866089
0.5655039548873901
0.12343413382768631
0.7678159475326538
0.7689152956008911
0.1553022861480713
0.578102707862854
0.15759781002998352
0.2828069031238556
0.158069908618927
0.412630170583725
0.42452409863471985
0.5896215438842773
0.20755699276924133
0.13872471451759338
0.14206930994987488
0.8366625905036926
0.4905456304550171
0.19354332983493805
0.6966171264648438
0.23581643402576447
0.5963425040245056
0.4033924639225006
0.192671999335289
0.19000908732414246
0.6064317226409912
0.093581423163414
0.2470194548368454
0.7180565595626831
0.11364689469337463
0.24114130437374115
0.3572821319103241
0.1901257038116455
0.18998144567012787
0.5415768027305603
0.11796524375677109
0.849953830242157
0.1149974837899208
0.7367052435874939
0.1976643204689026
0.4007375240325928
0.3331022560596466
0.7749139070510864
0.7999061346054077
0.6938079595565796
0.1049739420413971
0.19051896035671234
0.6173461079597473
0.11660650372505188
0.594301700592041
0.3574765622615814
0.21173043549060822
0.3042406439781189
0.8214215636253357
0.18951396644115448
0.19032542407512665
0.8222269415855408
0.5119337439537048
0.8411489725112915
0.861439049243927
0.18990567326545715
0.4330536425113678
0.4255591630935669
0.3644673824310303
0.624923825263977
0.515910267829895
0.21904468536376953
0.7527904510498047
0.29664140939712524
0.20121710002422333
0.7533636093139648
0.1708935797214508
0.14450806379318237
0.11595948785543442
0.13198187947273254
0.15671302378177643
0.7750876545906067
0.33821359276771545
0.11653651297092438
0.2706800103187561
0.19273808598518372
0.19194413721561432
0.26675814390182495
0.5885327458381653
0.3672863841056824
0.3922427296638489
0.36696353554725647
0.24112685024738312
0.8192368149757385
0.8224791884422302
0.7757592797279358
0.6439799666404724
0.8880941271781921
0.12358959019184113
0.7223008871078491
0.7753093242645264
0.10028079152107239
0.1808939278125763
0.13353191316127777
0.6129929423332214
0.7687957882881165
0.37477022409439087
0.6792603731155396
0.5034759640693665
0.8228132128715515
0.5540831089019775
0.7979414463043213
0.17281422019004822
0.4550851285457611
0.277465283870697
0.8151681423187256
0.2053174376487732
0.42489081621170044
0.7693362832069397
0.8316367268562317
0.4313281774520874
0.694989025592804
0.5350638031959534
0.32833370566368103
0.459825724363327
0.30183887481689453
0.8218794465065002
0.25247007608413696
0.31055930256843567
0.1964213252067566
0.3354119062423706
0.16054095327854156
0.7753093242645264
0.7943218946456909
0.5173011422157288
0.1475857049226761
0.11789001524448395
0.363687127828598
0.32833370566368103
0.23877866566181183
0.13499715924263
0.8472331762313843
0.5097581148147583
0.15716952085494995
0.20845045149326324
0.6110175251960754
0.8090019822120667
0.24014247953891754
0.33143413066864014
0.2825481593608856
0.6937828063964844
0.3594402074813843
0.77582848072052
0.41882672905921936
0.5022576451301575
0.7757592797279358
0.30520907044410706
0.3824979066848755
0.6756212115287781
0.3908352851867676
0.9213830232620239
0.33563894033432007
0.35367459058761597
0.24020111560821533
0.695940375328064
0.22225342690944672
0.24186310172080994
0.3449994921684265
0.19018934667110443
0.32384273409843445
0.28070226311683655
0.2082275152206421
0.6337302923202515
0.242469921708107
0.6842447519302368
0.1384444385766983
0.3043093681335449
0.38359349966049194
0.11935963481664658
0.7818986773490906
0.5156859159469604
0.67434161901474
0.8286154270172119
0.10910910367965698
0.48010310530662537
0.3278960585594177
0.5863415002822876
0.18996484577655792
0.13046857714653015
0.6863956451416016
0.6970624327659607
0.5850394368171692
0.4695678651332855
0.10116703808307648
0.947357714176178
0.8345196843147278
0.6884721517562866
0.45828551054000854
0.21798008680343628
0.24963980913162231
0.5692353248596191
0.21503236889839172
0.2412533462047577
0.7752667665481567
0.8508511781692505
0.32493525743484497
0.1382703185081482
0.4262954890727997
0.4215172529220581
0.8522757291793823
0.353157103061676
0.5858461856842041
0.8224794268608093
0.8929928541183472
0.42608344554901123
0.6934052109718323
0.899368166923523
0.18800298869609833
0.5219597220420837
0.6189340949058533
0.39936938881874084
0.5069690346717834
0.7082965970039368
0.7332096099853516
0.1427285075187683
0.32815566658973694
0.20580852031707764
0.8590551614761353
0.2836311459541321
0.7212952971458435
0.36483192443847656
0.7757592797279358
0.2436910718679428
0.8277207016944885
0.8971110582351685
0.8223181366920471
0.13883481919765472
0.0978887528181076
0.16814979910850525
0.7332093119621277
0.12474380433559418
0.4324023425579071
0.3442622423171997
0.5801501274108887
0.7716372013092041
0.8437179923057556
0.6687856912612915
0.502731204032898
0.1322334259748459
0.822903573513031
0.15744532644748688
0.12464947998523712
0.4960050880908966
0.337566077709198
0.24072355031967163
0.11661627888679504
0.8529427647590637
0.19289971888065338
0.4725906252861023
0.20518997311592102
0.24014247953891754
0.9273620247840881
0.2402389645576477
0.5957808494567871
0.19123397767543793
0.2661847472190857
0.274670273065567
0.7758395075798035
0.8209278583526611
0.18571734428405762
0.1895093023777008
0.67900550365448
0.10652744770050049
0.12182136625051498
0.16485926508903503
0.24020111560821533
0.17676158249378204
0.11832892149686813
0.7758286595344543
0.15690110623836517
0.7431339621543884
0.32815566658973694
0.6960980296134949
0.27551141381263733
0.17299838364124298
0.6647043228149414
0.6518753170967102
0.20471437275409698
0.155522882938385
0.13432282209396362
0.853395938873291
0.4812912940979004
0.6779669523239136
0.7038943767547607
0.6004705429077148
0.21775276958942413
0.15649397671222687
0.6057888865470886
0.8223257660865784
0.458418607711792
0.24033430218696594
0.27394863963127136
0.3278960883617401
0.32815566658973694
0.4858100712299347
0.3403484523296356
0.8187486529350281
0.1346040666103363
0.4987729787826538
0.8515608310699463
0.17423532903194427
0.7209397554397583
0.4846513867378235
0.22286906838417053
0.19011081755161285
0.8662697076797485
0.2845674455165863
0.3444150388240814
0.6768240332603455
0.8300862908363342
0.15752200782299042
0.1335291862487793
0.5581821203231812
0.6911357641220093
0.30089592933654785
0.23087510466575623
0.8732266426086426
0.11688704043626785
0.2516695559024811
0.5945530533790588
0.1339721977710724
0.8771268129348755
0.8767390251159668
0.8954994082450867
0.4044173061847687
0.8795390129089355
